O DOOR_1_INTERIOR_CG_ID
A DOOR_1_INTERIOR_CG_ID_DOOR_1_INTERIOR_CG_ID
M 1.0000000000000000,-0.0000000000000000,-0.0000000000582077,0.0000000328800525,0.0000000000000000,1.0000000000000000,-0.0000000437113883,-0.0000001192092896,-0.0000000000000000,0.0000000437113918,1.0000001192092896,0.0000000098953024,0.0000000000000000,0.0000000000000000,0.0000000000000000,1.0000000000000000
M 0.9999978542327881,-0.0000000000904595,-0.0020694721024483,-0.0002799337380566,0.0000000000000000,1.0000000000000000,-0.0000000437113883,-0.0000001192092896,0.0020694716367871,0.0000000437113030,0.9999980330467224,0.0054420102387667,0.0000000000000000,0.0000000000000000,0.0000000000000000,1.0000000000000000
M 0.9999849200248718,-0.0000000002397166,-0.0054840771481395,-0.0007668252219446,0.0000000000000000,1.0000000000000000,-0.0000000437113883,-0.0000001192092896,0.0054840762168169,0.0000000437107381,0.9999851584434509,0.0144199971109629,0.0000000000000000,0.0000000000000000,0.0000000000000000,1.0000000000000000
M 0.9999477863311768,-0.0000000004465477,-0.0102158216759562,-0.0014920264948159,0.0000000000000000,1.0000000000000000,-0.0000000437113883,-0.0000001192092896,0.0102158207446337,0.0000000437091110,0.9999479055404663,0.0268585532903671,0.0000000000000000,0.0000000000000000,0.0000000000000000,1.0000000000000000
M 0.9998682141304016,-0.0000000007097220,-0.0162365473806858,-0.0025000139139593,0.0000000000000000,1.0000000000000000,-0.0000000437113883,-0.0000001192092896,0.0162365473806858,0.0000000437056329,0.9998683333396912,0.0426812507212162,0.0000000000000000,0.0000000000000000,0.0000000000000000,1.0000000000000000
M 0.9997233748435974,-0.0000000010279864,-0.0235175862908363,-0.0038464015815407,0.0000000000000000,1.0000000000000000,-0.0000000437113883,-0.0000001192092896,0.0235175862908363,0.0000000436993055,0.9997235536575317,0.0618096441030502,0.0000000000000000,0.0000000000000000,0.0000000000000000,1.0000000000000000
M 0.9994869232177734,-0.0000000014000705,-0.0320298783481121,-0.0055972426198423,0.0000000000000000,1.0000000000000000,-0.0000000437113883,-0.0000001192092896,0.0320298746228218,0.0000000436889636,0.9994869828224182,0.0841638296842575,0.0000000000000000,0.0000000000000000,0.0000000000000000,1.0000000000000000
M 0.9991283416748047,-0.0000000018246996,-0.0417442619800568,-0.0078285913914442,0.0000000000000000,1.0000000000000000,-0.0000000437113883,-0.0000001192092896,0.0417442582547665,0.0000000436732925,0.9991284608840942,0.1096630692481995,0.0000000000000000,0.0000000000000000,0.0000000000000000,1.0000000000000000
M 0.9986140727996826,-0.0000000023005280,-0.0526299439370632,-0.0106246322393417,0.0000000000000000,1.0000000000000000,-0.0000000437113883,-0.0000001192092896,0.0526299402117729,0.0000000436508110,0.9986141324043274,0.1382219344377518,0.0000000000000000,0.0000000000000000,0.0000000000000000,1.0000000000000000
M 0.9979075789451599,-0.0000000028262119,-0.0646561905741692,-0.0140774250030518,0.0000000000000000,1.0000000000000000,-0.0000000437113883,-0.0000001192092896,0.0646561831235886,0.0000000436199308,0.9979076981544495,0.1697547435760498,0.0000000000000000,0.0000000000000000,0.0000000000000000,1.0000000000000000
M 0.9969697594642639,-0.0000000034003418,-0.0777907520532608,-0.0182857438921928,0.0000000000000000,1.0000000000000000,-0.0000000437113883,-0.0000001192092896,0.0777907446026802,0.0000000435789360,0.9969698786735535,0.2041715085506439,0.0000000000000000,0.0000000000000000,0.0000000000000000,1.0000000000000000
M 0.9957590103149414,-0.0000000040214752,-0.0920006260275841,-0.0233542248606682,0.0000000000000000,1.0000000000000000,-0.0000000437113883,-0.0000001192092896,0.0920006185770035,0.0000000435260148,0.9957591295242310,0.2413799315690994,0.0000000000000000,0.0000000000000000,0.0000000000000000,1.0000000000000000
M 0.9942321181297302,-0.0000000046880682,-0.1072504967451096,-0.0293922126293182,0.0000000000000000,1.0000000000000000,-0.0000000437113883,-0.0000001192092896,0.1072504743933678,0.0000000434592700,0.9942321777343750,0.2812813520431519,0.0000000000000000,0.0000000000000000,0.0000000000000000,1.0000000000000000
M 0.9923440217971802,-0.0000000053985492,-0.1235044077038765,-0.0365127772092819,0.0000000000000000,1.0000000000000000,-0.0000000437113883,-0.0000001192092896,0.1235043853521347,0.0000000433767404,0.9923441410064697,0.3237753510475159,0.0000000000000000,0.0000000000000000,0.0000000000000000,1.0000000000000000
M 0.9900488257408142,-0.0000000061512431,-0.1407240331172943,-0.0448324941098690,0.0000000000000000,1.0000000000000000,-0.0000000437113883,-0.0000001192092896,0.1407240033149719,0.0000000432764153,0.9900489449501038,0.3687549829483032,0.0000000000000000,0.0000000000000000,0.0000000000000000,1.0000000000000000
M 0.9872994422912598,-0.0000000069444339,-0.1588701307773590,-0.0544692538678646,0.0000000000000000,1.0000000000000000,-0.0000000437113883,-0.0000001192092896,0.1588701158761978,0.0000000431562341,0.9872995615005493,0.4161108434200287,0.0000000000000000,0.0000000000000000,0.0000000000000000,1.0000000000000000
M 0.9840485453605652,-0.0000000077762712,-0.1779003441333771,-0.0655424371361732,0.0000000000000000,1.0000000000000000,-0.0000000437113883,-0.0000001192092896,0.1779003292322159,0.0000000430141327,0.9840486645698547,0.4657251238822937,0.0000000000000000,0.0000000000000000,0.0000000000000000,1.0000000000000000
M 0.9802482128143311,-0.0000000086448386,-0.1977708637714386,-0.0781717225909233,0.0000000000000000,1.0000000000000000,-0.0000000437113883,-0.0000001192092896,0.1977708488702774,0.0000000428480220,0.9802484512329102,0.5174764394760132,0.0000000000000000,0.0000000000000000,0.0000000000000000,1.0000000000000000
M 0.9758512973785400,-0.0000000095481427,-0.2184360474348068,-0.0924753546714783,0.0000000000000000,1.0000000000000000,-0.0000000437113883,-0.0000001192092896,0.2184360176324844,0.0000000426558202,0.9758514165878296,0.5712383985519409,0.0000000000000000,0.0000000000000000,0.0000000000000000,1.0000000000000000
M 0.9708108305931091,-0.0000000104840359,-0.2398467808961868,-0.1085704043507576,0.0000000000000000,1.0000000000000000,-0.0000000437113883,-0.0000001192092896,0.2398467659950256,0.0000000424354880,0.9708108305931091,0.6268756985664368,0.0000000000000000,0.0000000000000000,0.0000000000000000,1.0000000000000000
M 0.9650805592536926,-0.0000000114503553,-0.2619535923004150,-0.1265715062618256,0.0000000000000000,1.0000000000000000,-0.0000000437113883,-0.0000001192092896,0.2619535624980927,0.0000000421850146,0.9650806188583374,0.6842520236968994,0.0000000000000000,0.0000000000000000,0.0000000000000000,1.0000000000000000
M 0.9586158990859985,-0.0000000124447528,-0.2847027480602264,-0.1465894281864166,0.0000000000000000,1.0000000000000000,-0.0000000437113883,-0.0000001192092896,0.2847026884555817,0.0000000419024389,0.9586160778999329,0.7432200908660889,0.0000000000000000,0.0000000000000000,0.0000000000000000,1.0000000000000000
M 0.9513736367225647,-0.0000000134648221,-0.3080392181873322,-0.1687299460172653,0.0000000000000000,1.0000000000000000,-0.0000000437113883,-0.0000001192092896,0.3080392181873322,0.0000000415858672,0.9513737559318542,0.8036297559738159,0.0000000000000000,0.0000000000000000,0.0000000000000000,1.0000000000000000
M 0.9433124661445618,-0.0000000145080703,-0.3319059610366821,-0.1930943429470062,0.0000000000000000,1.0000000000000000,-0.0000000437113883,-0.0000001192092896,0.3319059610366821,0.0000000412335019,0.9433125853538513,0.8653252720832825,0.0000000000000000,0.0000000000000000,0.0000000000000000,1.0000000000000000
M 0.9343932867050171,-0.0000000155718851,-0.3562432229518890,-0.2197775542736053,0.0000000000000000,1.0000000000000000,-0.0000000437113883,-0.0000001192092896,0.3562431931495667,0.0000000408436271,0.9343932867050171,0.9281442165374756,0.0000000000000000,0.0000000000000000,0.0000000000000000,1.0000000000000000
M 0.9245796203613281,-0.0000000166535550,-0.3809889256954193,-0.2488672733306885,0.0000000000000000,1.0000000000000000,-0.0000000437113883,-0.0000001192092896,0.3809888660907745,0.0000000404146654,0.9245797991752625,0.9919186234474182,0.0000000000000000,0.0000000000000000,0.0000000000000000,1.0000000000000000
M 0.9138379096984863,-0.0000000177502884,-0.4060792624950409,-0.2804431617259979,0.0000000000000000,1.0000000000000000,-0.0000000437113883,-0.0000001192092896,0.4060792028903961,0.0000000399451245,0.9138379693031311,1.0564763545989990,0.0000000000000000,0.0000000000000000,0.0000000000000000,1.0000000000000000
M 0.9021373987197876,-0.0000000188592288,-0.4314488470554352,-0.3145774900913239,0.0000000000000000,1.0000000000000000,-0.0000000437113883,-0.0000001192092896,0.4314487874507904,0.0000000394336830,0.9021375179290771,1.1216413974761963,0.0000000000000000,0.0000000000000000,0.0000000000000000,1.0000000000000000
M 0.8894512057304382,-0.0000000199774295,-0.4570302963256836,-0.3513324856758118,0.0000000000000000,1.0000000000000000,-0.0000000437113883,-0.0000001192092896,0.4570302665233612,0.0000000388791506,0.8894512653350830,1.1872328519821167,0.0000000000000000,0.0000000000000000,0.0000000000000000,1.0000000000000000
M 0.8757556676864624,-0.0000000211018740,-0.4827545881271362,-0.3907603621482849,0.0000000000000000,1.0000000000000000,-0.0000000437113883,-0.0000001192092896,0.4827545285224915,0.0000000382805005,0.8757557868957520,1.2530660629272461,0.0000000000000000,0.0000000000000000,0.0000000000000000,1.0000000000000000
M 0.8610315322875977,-0.0000000222294929,-0.5085515379905701,-0.4329029917716980,0.0000000000000000,1.0000000000000000,-0.0000000437113883,-0.0000001192092896,0.5085514783859253,0.0000000376368909,0.8610317111015320,1.3189536333084106,0.0000000000000000,0.0000000000000000,0.0000000000000000,1.0000000000000000
M 0.8452633023262024,-0.0000000233571846,-0.5343500971794128,-0.4777916073799133,0.0000000000000000,1.0000000000000000,-0.0000000437113883,-0.0000001192092896,0.5343500375747681,0.0000000369476361,0.8452633619308472,1.3847073316574097,0.0000000000000000,0.0000000000000000,0.0000000000000000,1.0000000000000000
M 0.8284399509429932,-0.0000000244817855,-0.5600779652595520,-0.5254455804824829,0.0000000000000000,1.0000000000000000,-0.0000000437113883,-0.0000001192092896,0.5600779056549072,0.0000000362122670,0.8284400701522827,1.4501351118087769,0.0000000000000000,0.0000000000000000,0.0000000000000000,1.0000000000000000
M 0.8105545639991760,-0.0000000256001496,-0.5856631398200989,-0.5758734345436096,0.0000000000000000,1.0000000000000000,-0.0000000437113883,-0.0000001192092896,0.5856630206108093,0.0000000354304710,0.8105546832084656,1.5150465965270996,0.0000000000000000,0.0000000000000000,0.0000000000000000,1.0000000000000000
M 0.7916057109832764,-0.0000000267090705,-0.6110323071479797,-0.6290695667266846,0.0000000000000000,1.0000000000000000,-0.0000000437113883,-0.0000001192092896,0.6110322475433350,0.0000000346021878,0.7916057705879211,1.5792493820190430,0.0000000000000000,0.0000000000000000,0.0000000000000000,1.0000000000000000
M 0.7715955376625061,-0.0000000278054078,-0.6361135840415955,-0.6850183606147766,0.0000000000000000,1.0000000000000000,-0.0000000437113883,-0.0000001192092896,0.6361134648323059,0.0000000337275132,0.7715955972671509,1.6425540447235107,0.0000000000000000,0.0000000000000000,0.0000000000000000,1.0000000000000000
M 0.7505319118499756,-0.0000000288859887,-0.6608343720436096,-0.7436900138854980,0.0000000000000000,1.0000000000000000,-0.0000000437113883,-0.0000001192092896,0.6608343124389648,0.0000000328067955,0.7505319714546204,1.7047710418701172,0.0000000000000000,0.0000000000000000,0.0000000000000000,1.0000000000000000
M 0.7284269928932190,-0.0000000299477030,-0.6851235628128052,-0.8050423860549927,0.0000000000000000,1.0000000000000000,-0.0000000437113883,-0.0000001192092896,0.6851234436035156,0.0000000318405604,0.7284271121025085,1.7657148838043213,0.0000000000000000,0.0000000000000000,0.0000000000000000,1.0000000000000000
M 0.7052980065345764,-0.0000000309874864,-0.7089110612869263,-0.8690215349197388,0.0000000000000000,1.0000000000000000,-0.0000000437113883,-0.0000001192092896,0.7089109420776367,0.0000000308295611,0.7052981257438660,1.8252036571502686,0.0000000000000000,0.0000000000000000,0.0000000000000000,1.0000000000000000
M 0.6811667680740356,-0.0000000320023474,-0.7321283817291260,-0.9355607628822327,0.0000000000000000,1.0000000000000000,-0.0000000437113883,-0.0000001192092896,0.7321282625198364,0.0000000297747498,0.6811668872833252,1.8830599784851074,0.0000000000000000,0.0000000000000000,0.0000000000000000,1.0000000000000000
M 0.6560605168342590,-0.0000000329893481,-0.7547083497047424,-1.0045795440673828,0.0000000000000000,1.0000000000000000,-0.0000000437113883,-0.0000001192092896,0.7547082901000977,0.0000000286773219,0.6560606360435486,1.9391111135482788,0.0000000000000000,0.0000000000000000,0.0000000000000000,1.0000000000000000
M 0.6300101876258850,-0.0000000339456925,-0.7765869498252869,-1.0759880542755127,0.0000000000000000,1.0000000000000000,-0.0000000437113883,-0.0000001192092896,0.7765868902206421,0.0000000275386256,0.6300103068351746,1.9931924343109131,0.0000000000000000,0.0000000000000000,0.0000000000000000,1.0000000000000000
M 0.6030517220497131,-0.0000000348686697,-0.7977021932601929,-1.1496835947036743,0.0000000000000000,1.0000000000000000,-0.0000000437113883,-0.0000001192092896,0.7977020740509033,0.0000000263602331,0.6030518412590027,2.0451455116271973,0.0000000000000000,0.0000000000000000,0.0000000000000000,1.0000000000000000
M 0.5752261281013489,-0.0000000357556793,-0.8179945945739746,-1.2255502939224243,0.0000000000000000,1.0000000000000000,-0.0000000437113883,-0.0000001192092896,0.8179944753646851,0.0000000251439349,0.5752261877059937,2.0948200225830078,0.0000000000000000,0.0000000000000000,0.0000000000000000,1.0000000000000000
M 0.5465772747993469,-0.0000000366043018,-0.8374087810516357,-1.3034654855728149,0.0000000000000000,1.0000000000000000,-0.0000000437113883,-0.0000001192092896,0.8374086618423462,0.0000000238916549,0.5465773344039917,2.1420757770538330,0.0000000000000000,0.0000000000000000,0.0000000000000000,1.0000000000000000
M 0.5171536207199097,-0.0000000374122564,-0.8558926582336426,-1.3832949399948120,0.0000000000000000,1.0000000000000000,-0.0000000437113883,-0.0000001192092896,0.8558925986289978,0.0000000226055050,0.5171536803245544,2.1867825984954834,0.0000000000000000,0.0000000000000000,0.0000000000000000,1.0000000000000000
M 0.4870078861713409,-0.0000000381774257,-0.8733977079391479,-1.4648934602737427,0.0000000000000000,1.0000000000000000,-0.0000000437113883,-0.0000001192092896,0.8733975887298584,0.0000000212877929,0.4870079457759857,2.2288188934326172,0.0000000000000000,0.0000000000000000,0.0000000000000000,1.0000000000000000
M 0.4561954438686371,-0.0000000388978769,-0.8898797035217285,-1.5481095314025879,0.0000000000000000,1.0000000000000000,-0.0000000437113883,-0.0000001192092896,0.8898795843124390,0.0000000199409396,0.4561955034732819,2.2680766582489014,0.0000000000000000,0.0000000000000000,0.0000000000000000,1.0000000000000000
M 0.4247752726078033,-0.0000000395718764,-0.9052990078926086,-1.6327830553054810,0.0000000000000000,1.0000000000000000,-0.0000000437113883,-0.0000001192092896,0.9052988290786743,0.0000000185675191,0.4247753322124481,2.3044593334197998,0.0000000000000000,0.0000000000000000,0.0000000000000000,1.0000000000000000
M 0.3928088545799255,-0.0000000401978788,-0.9196202754974365,-1.7187472581863403,0.0000000000000000,1.0000000000000000,-0.0000000437113883,-0.0000001192092896,0.9196201562881470,0.0000000171702226,0.3928089141845703,2.3378818035125732,0.0000000000000000,0.0000000000000000,0.0000000000000000,1.0000000000000000
M 0.3603605329990387,-0.0000000407745624,-0.9328132271766663,-1.8058292865753174,0.0000000000000000,1.0000000000000000,-0.0000000437113883,-0.0000001192092896,0.9328131079673767,0.0000000157518603,0.3603605628013611,2.3682734966278076,0.0000000000000000,0.0000000000000000,0.0000000000000000,1.0000000000000000
M 0.3274964392185211,-0.0000000413008152,-0.9448525309562683,-1.8938515186309814,0.0000000000000000,1.0000000000000000,-0.0000000437113883,-0.0000001192092896,0.9448524117469788,0.0000000143153267,0.3274964988231659,2.3955757617950439,0.0000000000000000,0.0000000000000000,0.0000000000000000,1.0000000000000000
M 0.2942850291728973,-0.0000000417757526,-0.9557178020477295,-1.9826316833496094,0.0000000000000000,1.0000000000000000,-0.0000000437113883,-0.0000001192092896,0.9557177424430847,0.0000000128636088,0.2942850589752197,2.4197444915771484,0.0000000000000000,0.0000000000000000,0.0000000000000000,1.0000000000000000
M 0.2607953846454620,-0.0000000421987210,-0.9653941988945007,-2.0719857215881348,0.0000000000000000,1.0000000000000000,-0.0000000437113883,-0.0000001192092896,0.9653941392898560,0.0000000113997300,0.2607954144477844,2.4407501220703125,0.0000000000000000,0.0000000000000000,0.0000000000000000,1.0000000000000000
M 0.2270977199077606,-0.0000000425693010,-0.9738720655441284,-2.1617279052734375,0.0000000000000000,1.0000000000000000,-0.0000000437113883,-0.0000001192092896,0.9738720059394836,0.0000000099267572,0.2270977348089218,2.4585759639739990,0.0000000000000000,0.0000000000000000,0.0000000000000000,1.0000000000000000
M 0.1932636350393295,-0.0000000428873008,-0.9811470508575439,-2.2516694068908691,0.0000000000000000,1.0000000000000000,-0.0000000437113883,-0.0000001192092896,0.9811469316482544,0.0000000084478229,0.1932636648416519,2.4732203483581543,0.0000000000000000,0.0000000000000000,0.0000000000000000,1.0000000000000000
M 0.1593642532825470,-0.0000000431527596,-0.9872200489044189,-2.3416228294372559,0.0000000000000000,1.0000000000000000,-0.0000000437113883,-0.0000001192092896,0.9872198700904846,0.0000000069660340,0.1593642830848694,2.4846951961517334,0.0000000000000000,0.0000000000000000,0.0000000000000000,1.0000000000000000
M 0.1254702061414719,-0.0000000433659579,-0.9920974969863892,-2.4314041137695312,0.0000000000000000,1.0000000000000000,-0.0000000437113883,-0.0000001192092896,0.9920973181724548,0.0000000054844778,0.1254702210426331,2.4930267333984375,0.0000000000000000,0.0000000000000000,0.0000000000000000,1.0000000000000000
M 0.0916522964835167,-0.0000000435274146,-0.9957911968231201,-2.5208280086517334,0.0000000000000000,1.0000000000000000,-0.0000000437113883,-0.0000001192092896,0.9957910776138306,0.0000000040062496,0.0916523039340973,2.4982554912567139,0.0000000000000000,0.0000000000000000,0.0000000000000000,1.0000000000000000
M 0.0579802654683590,-0.0000000436378578,-0.9983178377151489,-2.6097135543823242,0.0000000000000000,1.0000000000000000,-0.0000000437113883,-0.0000001192092896,0.9983177185058594,0.0000000025343982,0.0579802729189396,2.5004346370697021,0.0000000000000000,0.0000000000000000,0.0000000000000000,1.0000000000000000
M 0.0245221871882677,-0.0000000436982504,-0.9996994137763977,-2.6978843212127686,0.0000000000000000,1.0000000000000000,-0.0000000437113883,-0.0000001192092896,0.9996992945671082,0.0000000010718990,0.0245221909135580,2.4996304512023926,0.0000000000000000,0.0000000000000000,0.0000000000000000,1.0000000000000000
M -0.0086548887193203,-0.0000000437097540,-0.9999626278877258,-2.7851681709289551,0.0000000000000000,1.0000000000000000,-0.0000000437113883,-0.0000001192092896,0.9999625086784363,-0.0000000003783172,-0.0086548896506429,2.4959225654602051,0.0000000000000000,0.0000000000000000,0.0000000000000000,1.0000000000000000
M -0.0414866767823696,-0.0000000436737650,-0.9991392493247986,-2.8713996410369873,0.0000000000000000,1.0000000000000000,-0.0000000437113883,-0.0000001192092896,0.9991390705108643,-0.0000000018134405,-0.0414866842329502,2.4894030094146729,0.0000000000000000,0.0000000000000000,0.0000000000000000,1.0000000000000000
M -0.0739100500941277,-0.0000000435918359,-0.9972649812698364,-2.9564177989959717,0.0000000000000000,1.0000000000000000,-0.0000000437113883,-0.0000001192092896,0.9972649812698364,-0.0000000032307115,-0.0739100649952888,2.4801745414733887,0.0000000000000000,0.0000000000000000,0.0000000000000000,1.0000000000000000
M -0.1058654934167862,-0.0000000434657537,-0.9943805336952209,-3.0400712490081787,0.0000000000000000,1.0000000000000000,-0.0000000437113883,-0.0000001192092896,0.9943804740905762,-0.0000000046275281,-0.1058655083179474,2.4683508872985840,0.0000000000000000,0.0000000000000000,0.0000000000000000,1.0000000000000000
M -0.1372957229614258,-0.0000000432974510,-0.9905301928520203,-3.1222155094146729,0.0000000000000000,1.0000000000000000,-0.0000000437113883,-0.0000001192092896,0.9905300736427307,-0.0000000060013874,-0.1372957378625870,2.4540569782257080,0.0000000000000000,0.0000000000000000,0.0000000000000000,1.0000000000000000
M -0.1681459844112396,-0.0000000430890346,-0.9857621788978577,-3.2027130126953125,0.0000000000000000,1.0000000000000000,-0.0000000437113883,-0.0000001192092896,0.9857621788978577,-0.0000000073498945,-0.1681459844112396,2.4374268054962158,0.0000000000000000,0.0000000000000000,0.0000000000000000,1.0000000000000000
M -0.1983654201030731,-0.0000000428427676,-0.9801282882690430,-3.2814366817474365,0.0000000000000000,1.0000000000000000,-0.0000000437113883,-0.0000001192092896,0.9801281094551086,-0.0000000086708285,-0.1983654350042343,2.4186027050018311,0.0000000000000000,0.0000000000000000,0.0000000000000000,1.0000000000000000
M -0.2279063165187836,-0.0000000425610445,-0.9736832380294800,-3.3582682609558105,0.0000000000000000,1.0000000000000000,-0.0000000437113883,-0.0000001192092896,0.9736831188201904,-0.0000000099621031,-0.2279063463211060,2.3977358341217041,0.0000000000000000,0.0000000000000000,0.0000000000000000,1.0000000000000000
M -0.2567240297794342,-0.0000000422463948,-0.9664848446846008,-3.4330980777740479,0.0000000000000000,1.0000000000000000,-0.0000000437113883,-0.0000001192092896,0.9664846658706665,-0.0000000112217649,-0.2567240595817566,2.3749835491180420,0.0000000000000000,0.0000000000000000,0.0000000000000000,1.0000000000000000
M -0.2847782671451569,-0.0000000419014583,-0.9585936069488525,-3.5058283805847168,0.0000000000000000,1.0000000000000000,-0.0000000437113883,-0.0000001192092896,0.9585934281349182,-0.0000000124480559,-0.2847783267498016,2.3505105972290039,0.0000000000000000,0.0000000000000000,0.0000000000000000,1.0000000000000000
M -0.3120312690734863,-0.0000000415289669,-0.9500719904899597,-3.5763678550720215,0.0000000000000000,1.0000000000000000,-0.0000000437113883,-0.0000001192092896,0.9500718712806702,-0.0000000136393217,-0.3120312988758087,2.3244864940643311,0.0000000000000000,0.0000000000000000,0.0000000000000000,1.0000000000000000
M -0.3384497463703156,-0.0000000411317416,-0.9409845471382141,-3.6446378231048584,0.0000000000000000,1.0000000000000000,-0.0000000437113883,-0.0000001192092896,0.9409844875335693,-0.0000000147941082,-0.3384497463703156,2.2970848083496094,0.0000000000000000,0.0000000000000000,0.0000000000000000,1.0000000000000000
M -0.3640037477016449,-0.0000000407126812,-0.9313976168632507,-3.7105679512023926,0.0000000000000000,1.0000000000000000,-0.0000000437113883,-0.0000001192092896,0.9313974976539612,-0.0000000159111107,-0.3640037775039673,2.2684838771820068,0.0000000000000000,0.0000000000000000,0.0000000000000000,1.0000000000000000
M -0.3886671066284180,-0.0000000402747276,-0.9213783740997314,-3.7740986347198486,0.0000000000000000,1.0000000000000000,-0.0000000437113883,-0.0000001192092896,0.9213782548904419,-0.0000000169891816,-0.3886671662330627,2.2388644218444824,0.0000000000000000,0.0000000000000000,0.0000000000000000,1.0000000000000000
M -0.4124164581298828,-0.0000000398208790,-0.9109955430030823,-3.8351776599884033,0.0000000000000000,1.0000000000000000,-0.0000000437113883,-0.0000001192092896,0.9109954237937927,-0.0000000180272988,-0.4124165177345276,2.2084102630615234,0.0000000000000000,0.0000000000000000,0.0000000000000000,1.0000000000000000
M -0.4352327883243561,-0.0000000393541519,-0.9003180265426636,-3.8937637805938721,0.0000000000000000,1.0000000000000000,-0.0000000437113883,-0.0000001192092896,0.9003179073333740,-0.0000000190246308,-0.4352328181266785,2.1773047447204590,0.0000000000000000,0.0000000000000000,0.0000000000000000,1.0000000000000000
M -0.4571001529693604,-0.0000000388775767,-0.8894152641296387,-3.9498243331909180,0.0000000000000000,1.0000000000000000,-0.0000000437113883,-0.0000001192092896,0.8894151449203491,-0.0000000199804848,-0.4571002125740051,2.1457328796386719,0.0000000000000000,0.0000000000000000,0.0000000000000000,1.0000000000000000
M -0.4780054092407227,-0.0000000383942051,-0.8783570528030396,-4.0033340454101562,0.0000000000000000,1.0000000000000000,-0.0000000437113883,-0.0000001192092896,0.8783568739891052,-0.0000000208942819,-0.4780054688453674,2.1138792037963867,0.0000000000000000,0.0000000000000000,0.0000000000000000,1.0000000000000000
M -0.4979388415813446,-0.0000000379070499,-0.8672122359275818,-4.0542769432067871,0.0000000000000000,1.0000000000000000,-0.0000000437113883,-0.0000001192092896,0.8672121167182922,-0.0000000217656009,-0.4979389011859894,2.0819272994995117,0.0000000000000000,0.0000000000000000,0.0000000000000000,1.0000000000000000
M -0.5168926715850830,-0.0000000374191487,-0.8560503125190735,-4.1026411056518555,0.0000000000000000,1.0000000000000000,-0.0000000437113883,-0.0000001192092896,0.8560502529144287,-0.0000000225940990,-0.5168927311897278,2.0500597953796387,0.0000000000000000,0.0000000000000000,0.0000000000000000,1.0000000000000000
M -0.5348625779151917,-0.0000000369334678,-0.8449392318725586,-4.1484246253967285,0.0000000000000000,1.0000000000000000,-0.0000000437113883,-0.0000001192092896,0.8449390530586243,-0.0000000233795880,-0.5348626375198364,2.0184569358825684,0.0000000000000000,0.0000000000000000,0.0000000000000000,1.0000000000000000
M -0.5518462657928467,-0.0000000364529384,-0.8339459896087646,-4.1916303634643555,0.0000000000000000,1.0000000000000000,-0.0000000437113883,-0.0000001192092896,0.8339459300041199,-0.0000000241219684,-0.5518463253974915,1.9872946739196777,0.0000000000000000,0.0000000000000000,0.0000000000000000,1.0000000000000000
M -0.5678427815437317,-0.0000000359804666,-0.8231371641159058,-4.2322645187377930,0.0000000000000000,1.0000000000000000,-0.0000000437113883,-0.0000001192092896,0.8231370449066162,-0.0000000248211993,-0.5678428411483765,1.9567482471466064,0.0000000000000000,0.0000000000000000,0.0000000000000000,1.0000000000000000
M -0.5828532576560974,-0.0000000355188909,-0.8125774860382080,-4.2703385353088379,0.0000000000000000,1.0000000000000000,-0.0000000437113883,-0.0000001192092896,0.8125773668289185,-0.0000000254773269,-0.5828533172607422,1.9269877672195435,0.0000000000000000,0.0000000000000000,0.0000000000000000,1.0000000000000000
M -0.5968812704086304,-0.0000000350709470,-0.8023297190666199,-4.3058700561523438,0.0000000000000000,1.0000000000000000,-0.0000000437113883,-0.0000001192092896,0.8023295998573303,-0.0000000260905111,-0.5968813300132751,1.8981778621673584,0.0000000000000000,0.0000000000000000,0.0000000000000000,1.0000000000000000
M -0.6099292039871216,-0.0000000346393527,-0.7924560308456421,-4.3388738632202148,0.0000000000000000,1.0000000000000000,-0.0000000437113883,-0.0000001192092896,0.7924559712409973,-0.0000000266608549,-0.6099292635917664,1.8704817295074463,0.0000000000000000,0.0000000000000000,0.0000000000000000,1.0000000000000000
M -0.6220028996467590,-0.0000000342266731,-0.7830150127410889,-4.3693728446960449,0.0000000000000000,1.0000000000000000,-0.0000000437113883,-0.0000001192092896,0.7830150127410889,-0.0000000271886123,-0.6220029592514038,1.8440529108047485,0.0000000000000000,0.0000000000000000,0.0000000000000000,1.0000000000000000
M -0.6331057548522949,-0.0000000338354731,-0.7740653753280640,-4.3973846435546875,0.0000000000000000,1.0000000000000000,-0.0000000437113883,-0.0000001192092896,0.7740652561187744,-0.0000000276739360,-0.6331058740615845,1.8190445899963379,0.0000000000000000,0.0000000000000000,0.0000000000000000,1.0000000000000000
M -0.6432437300682068,-0.0000000334681296,-0.7656615972518921,-4.4229307174682617,0.0000000000000000,1.0000000000000000,-0.0000000437113883,-0.0000001192092896,0.7656614780426025,-0.0000000281170767,-0.6432437300682068,1.7955998182296753,0.0000000000000000,0.0000000000000000,0.0000000000000000,1.0000000000000000
M -0.6524208188056946,-0.0000000331269838,-0.7578570246696472,-4.4460291862487793,0.0000000000000000,1.0000000000000000,-0.0000000437113883,-0.0000001192092896,0.7578569650650024,-0.0000000285182242,-0.6524209380149841,1.7738583087921143,0.0000000000000000,0.0000000000000000,0.0000000000000000,1.0000000000000000
M -0.6606408953666687,-0.0000000328142313,-0.7507020831108093,-4.4666976928710938,0.0000000000000000,1.0000000000000000,-0.0000000437113883,-0.0000001192092896,0.7507020235061646,-0.0000000288775333,-0.6606409549713135,1.7539522647857666,0.0000000000000000,0.0000000000000000,0.0000000000000000,1.0000000000000000
M -0.6679073572158813,-0.0000000325319611,-0.7442445158958435,-4.4849505424499512,0.0000000000000000,1.0000000000000000,-0.0000000437113883,-0.0000001192092896,0.7442443966865540,-0.0000000291951636,-0.6679074764251709,1.7360063791275024,0.0000000000000000,0.0000000000000000,0.0000000000000000,1.0000000000000000
M -0.6742210388183594,-0.0000000322821627,-0.7385298013687134,-4.5007958412170410,0.0000000000000000,1.0000000000000000,-0.0000000437113883,-0.0000001192092896,0.7385296821594238,-0.0000000294711402,-0.6742210984230042,1.7201404571533203,0.0000000000000000,0.0000000000000000,0.0000000000000000,1.0000000000000000
M -0.6795809864997864,-0.0000000320666977,-0.7336004972457886,-4.5142378807067871,0.0000000000000000,1.0000000000000000,-0.0000000437113883,-0.0000001192092896,0.7336004376411438,-0.0000000297054328,-0.6795811057090759,1.7064667940139771,0.0000000000000000,0.0000000000000000,0.0000000000000000,1.0000000000000000
M -0.6839860081672668,-0.0000000318872502,-0.7294952273368835,-4.5252780914306641,0.0000000000000000,1.0000000000000000,-0.0000000437113883,-0.0000001192092896,0.7294951081275940,-0.0000000298979828,-0.6839861273765564,1.6950863599777222,0.0000000000000000,0.0000000000000000,0.0000000000000000,1.0000000000000000
M -0.6874304413795471,-0.0000000317454081,-0.7262502908706665,-4.5339055061340332,0.0000000000000000,1.0000000000000000,-0.0000000437113883,-0.0000001192092896,0.7262502312660217,-0.0000000300485432,-0.6874305009841919,1.6860963106155396,0.0000000000000000,0.0000000000000000,0.0000000000000000,1.0000000000000000
M -0.6899062991142273,-0.0000000316426210,-0.7238987684249878,-4.5401048660278320,0.0000000000000000,1.0000000000000000,-0.0000000437113883,-0.0000001192092896,0.7238986492156982,-0.0000000301567660,-0.6899064183235168,1.6795836687088013,0.0000000000000000,0.0000000000000000,0.0000000000000000,1.0000000000000000
M -0.6914029121398926,-0.0000000315801429,-0.7224694490432739,-4.5438508987426758,0.0000000000000000,1.0000000000000000,-0.0000000437113883,-0.0000001192092896,0.7224693298339844,-0.0000000302221856,-0.6914030313491821,1.6756265163421631,0.0000000000000000,0.0000000000000000,0.0000000000000000,1.0000000000000000
M -0.6919052600860596,-0.0000000315591180,-0.7219884395599365,-4.5451083183288574,0.0000000000000000,1.0000000000000000,-0.0000000437113883,-0.0000001192092896,0.7219883203506470,-0.0000000302441379,-0.6919052600860596,1.6742948293685913,0.0000000000000000,0.0000000000000000,0.0000000000000000,1.0000000000000000
