O SPEED_GAUGE_1_FULLBRIGHT
A SPEED_GAUGE_1_FULLBRIGHT_SPEED_GAUGE_1_FULLBRIGHT
M 0.9999999403953552,0.0000000000000002,0.0000000037252903,-0.0000001676380634,0.0000000000000000,1.0000000000000000,-0.0000000437113883,-0.0000003576278687,-0.0000000000000000,0.0000000455740334,1.0000000000000000,0.0000000074505806,0.0000000000000000,0.0000000000000000,0.0000000000000000,1.0000000000000000
M 0.9999999403953552,-0.0000878572463989,0.0000000018664854,0.0001357309520245,0.0000878572463989,1.0000000000000000,-0.0000062947483457,0.0003399848937988,-0.0000000018626451,0.0000062928857005,1.0000000000000000,-0.0000096634030342,0.0000000000000000,0.0000000000000000,0.0000000000000000,1.0000000000000000
M 0.9999999403953552,-0.0002338886260986,0.0000000055981588,0.0003612749278545,0.0002338290214539,1.0000000000000000,-0.0000166789959621,0.0009055137634277,0.0000000018626451,0.0000166808586073,1.0000000000000000,-0.0000256970524788,0.0000000000000000,0.0000000000000000,0.0000000000000000,1.0000000000000000
M 0.9999999403953552,-0.0004375576972961,0.0000000056070615,0.0006761066615582,0.0004374980926514,1.0000000000000000,-0.0000311685107590,0.0016943216323853,0.0000000018626451,0.0000311685107590,1.0000000000000000,-0.0000481009483337,0.0000000000000000,0.0000000000000000,0.0000000000000000,1.0000000000000000
M 0.9999997615814209,-0.0006986260414124,0.0000000186569888,0.0010791532695293,0.0006985962390900,0.9999997615814209,-0.0000497409455420,0.0027056932449341,0.0000000186264515,0.0000497446708323,1.0000000000000000,-0.0000767484307289,0.0000000000000000,0.0000000000000000,0.0000000000000000,1.0000000000000000
M 0.9999994635581970,-0.0010166168212891,0.0000000391599855,0.0015696994960308,0.0010166168212891,0.9999995231628418,-0.0000723646371625,0.0039379596710205,0.0000000335276127,0.0000723646371625,1.0000000000000000,-0.0001116618514061,0.0000000000000000,0.0000000000000000,0.0000000000000000,1.0000000000000000
M 0.9999989867210388,-0.0013911128044128,0.0000000745666142,0.0021467916667461,0.0013911128044128,0.9999989867210388,-0.0000990041880868,0.0053890943527222,0.0000000670552254,0.0000990004627965,1.0000000000000000,-0.0001527070999146,0.0000000000000000,0.0000000000000000,0.0000000000000000,1.0000000000000000
M 0.9999983906745911,-0.0018218159675598,0.0000001155636369,0.0028101913630962,0.0018218457698822,0.9999983310699463,-0.0001296447007917,0.0070581436157227,0.0000001154839993,0.0001296465634368,0.9999999403953552,-0.0001998841762543,0.0000000000000000,0.0000000000000000,0.0000000000000000,1.0000000000000000
M 0.9999973177909851,-0.0023083090782166,0.0000001919533474,0.0035581104457378,0.0023082494735718,0.9999973177909851,-0.0001642470597290,0.0089436769485474,0.0000001881271601,0.0001642507850192,0.9999999403953552,-0.0002531036734581,0.0000000000000000,0.0000000000000000,0.0000000000000000,1.0000000000000000
M 0.9999959468841553,-0.0028501749038696,0.0000002906972156,0.0043904297053814,0.0028501152992249,0.9999958276748657,-0.0002027945010923,0.0110447406768799,0.0000002849847078,0.0002028000890277,0.9999999403953552,-0.0003123283386230,0.0000000000000000,0.0000000000000000,0.0000000000000000,1.0000000000000000
M 0.9999940991401672,-0.0034469962120056,0.0000004248337575,0.0053058378398418,0.0034469664096832,0.9999940991401672,-0.0002452516346239,0.0133589506149292,0.0000004209578037,0.0002452553599142,0.9999999403953552,-0.0003774464130402,0.0000000000000000,0.0000000000000000,0.0000000000000000,1.0000000000000000
M 0.9999915957450867,-0.0040985643863678,0.0000006036761988,0.0063033811748028,0.0040984749794006,0.9999915957450867,-0.0002915998338722,0.0158863067626953,0.0000005923211575,0.0002915998338722,0.9999999403953552,-0.0004484131932259,0.0000000000000000,0.0000000000000000,0.0000000000000000,1.0000000000000000
M 0.9999884366989136,-0.0048041343688965,0.0000008234991355,0.0073821060359478,0.0048041343688965,0.9999884366989136,-0.0003417981206439,0.0186241865158081,0.0000008177012205,0.0003417999832891,0.9999999403953552,-0.0005251392722130,0.0000000000000000,0.0000000000000000,0.0000000000000000,1.0000000000000000
M 0.9999845623970032,-0.0055636763572693,0.0000011029291045,0.0085409395396709,0.0055636465549469,0.9999844431877136,-0.0003958278684877,0.0215718746185303,0.0000011026859283,0.0003958315937780,0.9999998807907104,-0.0006075575947762,0.0000000000000000,0.0000000000000000,0.0000000000000000,1.0000000000000000
M 0.9999796748161316,-0.0063766539096832,0.0000014475540411,0.0097789280116558,0.0063766539096832,0.9999795556068420,-0.0004536611377262,0.0247280597686768,0.0000014435499907,0.0004536630003713,0.9999998807907104,-0.0006956532597542,0.0000000000000000,0.0000000000000000,0.0000000000000000,1.0000000000000000
M 0.9999737143516541,-0.0072427093982697,0.0000018704123477,0.0110947601497173,0.0072425901889801,0.9999736547470093,-0.0005152625381015,0.0280910730361938,0.0000018645077944,0.0005152699886821,0.9999998211860657,-0.0007892623543739,0.0000000000000000,0.0000000000000000,0.0000000000000000,1.0000000000000000
M 0.9999667406082153,-0.0081613063812256,0.0000023659160888,0.0124878399074078,0.0081613063812256,0.9999665021896362,-0.0005806171684526,0.0316601991653442,0.0000023655593395,0.0005806190310977,0.9999998211860657,-0.0008883401751518,0.0000000000000000,0.0000000000000000,0.0000000000000000,1.0000000000000000
M 0.9999582767486572,-0.0091322362422943,0.0000029694556360,0.0139559023082256,0.0091322064399719,0.9999580383300781,-0.0006496821879409,0.0354336500167847,0.0000029634684324,0.0006496859132312,0.9999997615814209,-0.0009927898645401,0.0000000000000000,0.0000000000000000,0.0000000000000000,1.0000000000000000
M 0.9999484419822693,-0.0101550519466400,0.0000036698547774,0.0154989473521709,0.0101550817489624,0.9999481439590454,-0.0007224482833408,0.0394104719161987,0.0000036656856537,0.0007224482833408,0.9999997019767761,-0.0011025667190552,0.0000000000000000,0.0000000000000000,0.0000000000000000,1.0000000000000000
M 0.9999369382858276,-0.0112293958663940,0.0000044913281272,0.0171153061091900,0.0112293362617493,0.9999366402626038,-0.0007988688885234,0.0435888767242432,0.0000044833868742,0.0007988707511686,0.9999996423721313,-0.0012175440788269,0.0000000000000000,0.0000000000000000,0.0000000000000000,1.0000000000000000
M 0.9999236464500427,-0.0123548209667206,0.0000054320134950,0.0188037864863873,0.0123547315597534,0.9999232292175293,-0.0008789272396825,0.0479681491851807,0.0000054258853197,0.0008789272396825,0.9999995827674866,-0.0013376474380493,0.0000000000000000,0.0000000000000000,0.0000000000000000,1.0000000000000000
M 0.9999083876609802,-0.0135308206081390,0.0000065161243583,0.0205627195537090,0.0135308206081390,0.9999079108238220,-0.0009625879465602,0.0525469779968262,0.0000065099447966,0.0009625935344957,0.9999995231628418,-0.0014627799391747,0.0000000000000000,0.0000000000000000,0.0000000000000000,1.0000000000000000
M 0.9998911619186401,-0.0147572159767151,0.0000077455233622,0.0223916284739971,0.0147572457790375,0.9998906254768372,-0.0010498323244974,0.0573236942291260,0.0000077467411757,0.0010498323244974,0.9999994039535522,-0.0015928670763969,0.0000000000000000,0.0000000000000000,0.0000000000000000,1.0000000000000000
M 0.9998714923858643,-0.0160334706306458,0.0000091481515483,0.0242884866893291,0.0160335302352905,0.9998708963394165,-0.0011406269622967,0.0622972249984741,0.0000091455876827,0.0011406269622967,0.9999993443489075,-0.0017278045415878,0.0000000000000000,0.0000000000000000,0.0000000000000000,1.0000000000000000
M 0.9998493194580078,-0.0173594653606415,0.0000107240066427,0.0262523405253887,0.0173594355583191,0.9998485445976257,-0.0012349457247183,0.0674668550491333,0.0000107195228338,0.0012349475873634,0.9999992251396179,-0.0018675178289413,0.0000000000000000,0.0000000000000000,0.0000000000000000,1.0000000000000000
M 0.9998245239257812,-0.0187344253063202,0.0000124879916257,0.0282818786799908,0.0187343657016754,0.9998236894607544,-0.0013327550841495,0.0728305578231812,0.0000124834477901,0.0013327569467947,0.9999991059303284,-0.0020118951797485,0.0000000000000000,0.0000000000000000,0.0000000000000000,1.0000000000000000
M 0.9997968077659607,-0.0201581120491028,0.0000144605955938,0.0303754322230816,0.0201580524444580,0.9997957944869995,-0.0014340326888487,0.0783876180648804,0.0000144522637129,0.0014340345514938,0.9999989271163940,-0.0021608173847198,0.0000000000000000,0.0000000000000000,0.0000000000000000,1.0000000000000000
M 0.9997660517692566,-0.0216301381587982,0.0000166455429280,0.0325320474803448,0.0216300785541534,0.9997649192810059,-0.0015387505991384,0.0841364860534668,0.0000166445970535,0.0015387505991384,0.9999988079071045,-0.0023142173886299,0.0000000000000000,0.0000000000000000,0.0000000000000000,1.0000000000000000
M 0.9997320771217346,-0.0231501162052155,0.0000190633218153,0.0347502939403057,0.0231500864028931,0.9997306466102600,-0.0016468752874061,0.0900764465332031,0.0000190641731024,0.0016468771500513,0.9999986290931702,-0.0024719983339310,0.0000000000000000,0.0000000000000000,0.0000000000000000,1.0000000000000000
M 0.9996945261955261,-0.0247176289558411,0.0000217306987906,0.0370281450450420,0.0247175991535187,0.9996929168701172,-0.0017583844019100,0.0962057113647461,0.0000217352062464,0.0017583881272003,0.9999984502792358,-0.0026340484619141,0.0000000000000000,0.0000000000000000,0.0000000000000000,1.0000000000000000
M 0.9996532797813416,-0.0263323783874512,0.0000246681611316,0.0393644087016582,0.0263322591781616,0.9996514916419983,-0.0018732500029728,0.1025233268737793,0.0000246670097113,0.0018732462776825,0.9999982118606567,-0.0028002634644508,0.0000000000000000,0.0000000000000000,0.0000000000000000,1.0000000000000000
M 0.9996080994606018,-0.0279937088489532,0.0000278831594187,0.0417577736079693,0.0279936492443085,0.9996061325073242,-0.0019914349541068,0.1090279817581177,0.0000278800725937,0.0019914349541068,0.9999979734420776,-0.0029705092310905,0.0000000000000000,0.0000000000000000,0.0000000000000000,1.0000000000000000
M 0.9995588064193726,-0.0297014713287354,0.0000313905948133,0.0442068092525005,0.0297014713287354,0.9995566606521606,-0.0021129203960299,0.1157188415527344,0.0000313818454742,0.0021129185333848,0.9999977350234985,-0.0031447559595108,0.0000000000000000,0.0000000000000000,0.0000000000000000,1.0000000000000000
M 0.9995052218437195,-0.0314551889896393,0.0000351997805410,0.0467104427516460,0.0314551591873169,0.9995026588439941,-0.0022376785054803,0.1225945949554443,0.0000352002680302,0.0022376803681254,0.9999974966049194,-0.0033228322863579,0.0000000000000000,0.0000000000000000,0.0000000000000000,1.0000000000000000
M 0.9994469881057739,-0.0332544147968292,0.0000393423833884,0.0492662899196148,0.0332543253898621,0.9994441270828247,-0.0023656627163291,0.1296529769897461,0.0000393427908421,0.0023656701669097,0.9999971985816956,-0.0035046488046646,0.0000000000000000,0.0000000000000000,0.0000000000000000,1.0000000000000000
M 0.9993839263916016,-0.0350987613201141,0.0000438333008788,0.0518732778728008,0.0350987613201141,0.9993807077407837,-0.0024968748912215,0.1368944644927979,0.0000438317656517,0.0024968693032861,0.9999968409538269,-0.0036900937557220,0.0000000000000000,0.0000000000000000,0.0000000000000000,1.0000000000000000
M 0.9993157386779785,-0.0369879007339478,0.0000486781209474,0.0545297376811504,0.0369879305362701,0.9993122816085815,-0.0026312628760934,0.1443170309066772,0.0000486746430397,0.0026312647387385,0.9999965429306030,-0.0038790926337242,0.0000000000000000,0.0000000000000000,0.0000000000000000,1.0000000000000000
M 0.9992422461509705,-0.0389213860034943,0.0000539066531928,0.0572340004146099,0.0389213562011719,0.9992384314537048,-0.0027688005939126,0.1519194841384888,0.0000539012253284,0.0027688024565578,0.9999961256980896,-0.0040714591741562,0.0000000000000000,0.0000000000000000,0.0000000000000000,1.0000000000000000
M 0.9991632699966431,-0.0408987998962402,0.0000595281999267,0.0599849931895733,0.0408987998962402,0.9991590380668640,-0.0029094712808728,0.1597006320953369,0.0000595189630985,0.0029094712808728,0.9999957680702209,-0.0042671784758568,0.0000000000000000,0.0000000000000000,0.0000000000000000,1.0000000000000000
M 0.9990785121917725,-0.0429197251796722,0.0000655558105791,0.0627808123826981,0.0429196953773499,0.9990738630294800,-0.0030532302334905,0.1676594018936157,0.0000655502080917,0.0030532320961356,0.9999952912330627,-0.0044660568237305,0.0000000000000000,0.0000000000000000,0.0000000000000000,1.0000000000000000
M 0.9989877343177795,-0.0449837148189545,0.0000720118259778,0.0656200200319290,0.0449835956096649,0.9989826679229736,-0.0032000532373786,0.1757938861846924,0.0000720098614693,0.0032000532373786,0.9999948740005493,-0.0046680197119713,0.0000000000000000,0.0000000000000000,0.0000000000000000,1.0000000000000000
M 0.9988905787467957,-0.0470903813838959,0.0000789260593592,0.0685004740953445,0.0470903813838959,0.9988850355148315,-0.0033499235287309,0.1841042041778564,0.0000789146870375,0.0033499235287309,0.9999943375587463,-0.0048729404807091,0.0000000000000000,0.0000000000000000,0.0000000000000000,1.0000000000000000
M 0.9987869858741760,-0.0492394268512726,0.0000862947781570,0.0714214593172073,0.0492393970489502,0.9987809658050537,-0.0035027982667089,0.1925884485244751,0.0000862851738930,0.0035027982667089,0.9999938607215881,-0.0050807222723961,0.0000000000000000,0.0000000000000000,0.0000000000000000,1.0000000000000000
M 0.9986765384674072,-0.0514304339885712,0.0000941496473388,0.0743808299303055,0.0514303743839264,0.9986698627471924,-0.0036586548667401,0.2012455463409424,0.0000941418111324,0.0036586569622159,0.9999932646751404,-0.0052912607789040,0.0000000000000000,0.0000000000000000,0.0000000000000000,1.0000000000000000
M 0.9985591173171997,-0.0536627173423767,0.0001025074307108,0.0773767977952957,0.0536626279354095,0.9985518455505371,-0.0038174509536475,0.2100735902786255,0.0001024994999170,0.0038174549117684,0.9999926686286926,-0.0055043622851372,0.0000000000000000,0.0000000000000000,0.0000000000000000,1.0000000000000000
M 0.9984343647956848,-0.0559360980987549,0.0001113793114200,0.0804081708192825,0.0559361279010773,0.9984264373779297,-0.0039791809394956,0.2190726995468140,0.0001113768666983,0.0039791828021407,0.9999920725822449,-0.0057200118899345,0.0000000000000000,0.0000000000000000,0.0000000000000000,1.0000000000000000
M 0.9983019828796387,-0.0582502782344818,0.0001207932218676,0.0834730416536331,0.0582501888275146,0.9982934594154358,-0.0041437996551394,0.2282408475875854,0.0001207925379276,0.0041438033804297,0.9999913573265076,-0.0059380307793617,0.0000000000000000,0.0000000000000000,0.0000000000000000,1.0000000000000000
M 0.9981618523597717,-0.0606045722961426,0.0001307640632149,0.0865698605775833,0.0606045722961426,0.9981526136398315,-0.0043112849816680,0.2375770807266235,0.0001307632774115,0.0043112831190228,0.9999907016754150,-0.0061583146452904,0.0000000000000000,0.0000000000000000,0.0000000000000000,1.0000000000000000
M 0.9980137348175049,-0.0629986524581909,0.0001413048739778,0.0896969586610794,0.0629985630512238,0.9980036020278931,-0.0044815884903073,0.2470793724060059,0.0001413077116013,0.0044815884903073,0.9999899268150330,-0.0063807442784309,0.0000000000000000,0.0000000000000000,0.0000000000000000,1.0000000000000000
M 0.9978570342063904,-0.0654320716857910,0.0001524491963210,0.0928521901369095,0.0654320716857910,0.9978461265563965,-0.0046546990051866,0.2567477226257324,0.0001524463295937,0.0046547008678317,0.9999891519546509,-0.0066052302718163,0.0000000000000000,0.0000000000000000,0.0000000000000000,1.0000000000000000
M 0.9976917505264282,-0.0679046213626862,0.0001642063143663,0.0960343629121780,0.0679045319557190,0.9976801276206970,-0.0048305829986930,0.2665802240371704,0.0001641921699047,0.0048305848613381,0.9999883174896240,-0.0068316385149956,0.0000000000000000,0.0000000000000000,0.0000000000000000,1.0000000000000000
M 0.9975177049636841,-0.0704155564308167,0.0001765855704434,0.0992419272661209,0.0704155862331390,0.9975050687789917,-0.0050092106685042,0.2765760421752930,0.0001765750348568,0.0050092088058591,0.9999874234199524,-0.0070597901940346,0.0000000000000000,0.0000000000000000,0.0000000000000000,1.0000000000000000
M 0.9973344802856445,-0.0729646384716034,0.0001896204630611,0.1024728566408157,0.0729645788669586,0.9973210096359253,-0.0051905410364270,0.2867329120635986,0.0001896116882563,0.0051905410364270,0.9999864697456360,-0.0072896406054497,0.0000000000000000,0.0000000000000000,0.0000000000000000,1.0000000000000000
M 0.9971418976783752,-0.0755514502525330,0.0002033221971942,0.1057259589433670,0.0755513608455658,0.9971274137496948,-0.0053745554760098,0.2970507144927979,0.0002033151686192,0.0053745554760098,0.9999855160713196,-0.0075210407376289,0.0000000000000000,0.0000000000000000,0.0000000000000000,1.0000000000000000
M 0.9969395995140076,-0.0781755149364471,0.0002177149726776,0.1089990884065628,0.0781754851341248,0.9969241619110107,-0.0055612279102206,0.3075282573699951,0.0002177078276873,0.0055612316355109,0.9999845027923584,-0.0077538862824440,0.0000000000000000,0.0000000000000000,0.0000000000000000,1.0000000000000000
M 0.9967274069786072,-0.0808364450931549,0.0002328081027372,0.1122906953096390,0.0808363556861877,0.9967108368873596,-0.0057505154982209,0.3181635141372681,0.0002328064292669,0.0057505192235112,0.9999834299087524,-0.0079880282282829,0.0000000000000000,0.0000000000000000,0.0000000000000000,1.0000000000000000
M 0.9965049624443054,-0.0835336744785309,0.0002486369630788,0.1155987530946732,0.0835336744785309,0.9964872598648071,-0.0059423958882689,0.3289558887481689,0.0002486277371645,0.0059423958882689,0.9999822974205017,-0.0082233622670174,0.0000000000000000,0.0000000000000000,0.0000000000000000,1.0000000000000000
M 0.9962720274925232,-0.0862669944763184,0.0002652034745552,0.1189221888780594,0.0862669050693512,0.9962531924247742,-0.0061368299648166,0.3399034738540649,0.0002651959657669,0.0061368318274617,0.9999811053276062,-0.0084597840905190,0.0000000000000000,0.0000000000000000,0.0000000000000000,1.0000000000000000
M 0.9960284233093262,-0.0890357494354248,0.0002825336414389,0.1222588568925858,0.0890357196331024,0.9960083365440369,-0.0063337930478156,0.3510055541992188,0.0002825278788805,0.0063337953761220,0.9999798536300659,-0.0086971446871758,0.0000000000000000,0.0000000000000000,0.0000000000000000,1.0000000000000000
M 0.9957737922668457,-0.0918397009372711,0.0003006479819305,0.1256073266267776,0.0918396413326263,0.9957523345947266,-0.0065332562662661,0.3622608184814453,0.0003006365150213,0.0065332567319274,0.9999786019325256,-0.0089353546500206,0.0000000000000000,0.0000000000000000,0.0000000000000000,1.0000000000000000
M 0.9955079555511475,-0.0946782231330872,0.0003195595345460,0.1289656907320023,0.0946782529354095,0.9954851269721985,-0.0067351856268942,0.3736677169799805,0.0003195554018021,0.0067351916804910,0.9999772310256958,-0.0091742351651192,0.0000000000000000,0.0000000000000000,0.0000000000000000,1.0000000000000000
M 0.9952304363250732,-0.0975510776042938,0.0003392962680664,0.1323323994874954,0.0975510179996490,0.9952063560485840,-0.0069395494647324,0.3852252960205078,0.0003392901271582,0.0069395536556840,0.9999758601188660,-0.0094137415289879,0.0000000000000000,0.0000000000000000,0.0000000000000000,1.0000000000000000
M 0.9949412345886230,-0.1004576981067657,0.0003598711628001,0.1357055455446243,0.1004576086997986,0.9949157238006592,-0.0071463161148131,0.3969316482543945,0.0003598611801863,0.0071463128551841,0.9999743700027466,-0.0096537098288536,0.0000000000000000,0.0000000000000000,0.0000000000000000,1.0000000000000000
M 0.9946400523185730,-0.1033976376056671,0.0003812991490122,0.1390838176012039,0.1033975780010223,0.9946129322052002,-0.0073554595001042,0.4087864160537720,0.0003812909126282,0.0073554599657655,0.9999728798866272,-0.0098940208554268,0.0000000000000000,0.0000000000000000,0.0000000000000000,1.0000000000000000
M 0.9943265318870544,-0.1063703894615173,0.0004036026075482,0.1424650698900223,0.1063703894615173,0.9942978620529175,-0.0075669367797673,0.4207870960235596,0.0004035942256451,0.0075669372454286,0.9999712705612183,-0.0101345703005791,0.0000000000000000,0.0000000000000000,0.0000000000000000,1.0000000000000000
M 0.9940003752708435,-0.1093757152557373,0.0004268019692972,0.1458479911088943,0.1093756854534149,0.9939700365066528,-0.0077807200141251,0.4329332113265991,0.0004267916083336,0.0077807223424315,0.9999696016311646,-0.0103752091526985,0.0000000000000000,0.0000000000000000,0.0000000000000000,1.0000000000000000
M 0.9936615228652954,-0.1124129593372345,0.0004509103309829,0.1492307931184769,0.1124130487442017,0.9936294555664062,-0.0079967910423875,0.4452232122421265,0.0004509054124355,0.0079967891797423,0.9999678730964661,-0.0106158629059792,0.0000000000000000,0.0000000000000000,0.0000000000000000,1.0000000000000000
M 0.9933094978332520,-0.1154818534851074,0.0004759537114296,0.1526114493608475,0.1154818236827850,0.9932756423950195,-0.0082150986418128,0.4576559066772461,0.0004759449511766,0.0082151005044580,0.9999661445617676,-0.0108563378453255,0.0000000000000000,0.0000000000000000,0.0000000000000000,1.0000000000000000
M 0.9929441809654236,-0.1185818314552307,0.0005019377567805,0.1559891253709793,0.1185818016529083,0.9929084777832031,-0.0084356227889657,0.4702297449111938,0.0005019288510084,0.0084356209263206,0.9999642968177795,-0.0110966190695763,0.0000000000000000,0.0000000000000000,0.0000000000000000,1.0000000000000000
M 0.9925652742385864,-0.1217124760150909,0.0005288940737955,0.1593611985445023,0.1217124164104462,0.9925276041030884,-0.0086583243682981,0.4829431772232056,0.0005288850516081,0.0086583280935884,0.9999623298645020,-0.0113364979624748,0.0000000000000000,0.0000000000000000,0.0000000000000000,1.0000000000000000
M 0.9921725988388062,-0.1248732805252075,0.0005568302003667,0.1627265959978104,0.1248732805252075,0.9921329021453857,-0.0088831791654229,0.4957954883575439,0.0005568228662014,0.0088831754401326,0.9999603629112244,-0.0115759149193764,0.0000000000000000,0.0000000000000000,0.0000000000000000,1.0000000000000000
M 0.9917657375335693,-0.1280638873577118,0.0005857683718204,0.1660832911729813,0.1280637979507446,0.9917241334915161,-0.0091101462021470,0.5087844133377075,0.0005857590585947,0.0091101480647922,0.9999583363533020,-0.0118147060275078,0.0000000000000000,0.0000000000000000,0.0000000000000000,1.0000000000000000
M 0.9913446307182312,-0.1312837004661560,0.0006157273310237,0.1694299727678299,0.1312837302684784,0.9913008213043213,-0.0093391994014382,0.5219091176986694,0.0006157141178846,0.0093391956761479,0.9999561905860901,-0.0120527818799019,0.0000000000000000,0.0000000000000000,0.0000000000000000,1.0000000000000000
M 0.9909090399742126,-0.1345323920249939,0.0006467144121416,0.1727649718523026,0.1345323324203491,0.9908629655838013,-0.0095702940598130,0.5351680517196655,0.0006467066705227,0.0095702996477485,0.9999539852142334,-0.0122899934649467,0.0000000000000000,0.0000000000000000,0.0000000000000000,1.0000000000000000
M 0.9904585480690002,-0.1378095149993896,0.0006787613383494,0.1760861426591873,0.1378095149993896,0.9904102087020874,-0.0098034255206585,0.5485606193542480,0.0006787497550249,0.0098034227266908,0.9999517202377319,-0.0125262662768364,0.0000000000000000,0.0000000000000000,0.0000000000000000,1.0000000000000000
M 0.9899930357933044,-0.1411145031452179,0.0007118737557903,0.1793925315141678,0.1411144435405731,0.9899423718452454,-0.0100385304540396,0.5620839595794678,0.0007118619978428,0.0100385295227170,0.9999493360519409,-0.0127614811062813,0.0000000000000000,0.0000000000000000,0.0000000000000000,1.0000000000000000
M 0.9895122647285461,-0.1444470286369324,0.0007460738997906,0.1826824694871902,0.1444468796253204,0.9894591569900513,-0.0102755911648273,0.5757373571395874,0.0007460601627827,0.0102755976840854,0.9999468922615051,-0.0129955187439919,0.0000000000000000,0.0000000000000000,0.0000000000000000,1.0000000000000000
M 0.9890160560607910,-0.1478063464164734,0.0007813786505722,0.1859535723924637,0.1478063464164734,0.9889605045318604,-0.0105145685374737,0.5895192623138428,0.0007813684642315,0.0105145750567317,0.9999443888664246,-0.0132282152771950,0.0000000000000000,0.0000000000000000,0.0000000000000000,1.0000000000000000
M 0.9885039925575256,-0.1511922478675842,0.0008177972631529,0.1892048865556717,0.1511922180652618,0.9884458780288696,-0.0107554327696562,0.6034282445907593,0.0008177869021893,0.0107554374262691,0.9999418258666992,-0.0134595111012459,0.0000000000000000,0.0000000000000000,0.0000000000000000,1.0000000000000000
M 0.9879761338233948,-0.1546042859554291,0.0008553557563573,0.1924349814653397,0.1546042561531067,0.9879153370857239,-0.0109981559216976,0.6174633502960205,0.0008553452789783,0.0109981568530202,0.9999391436576843,-0.0136892721056938,0.0000000000000000,0.0000000000000000,0.0000000000000000,1.0000000000000000
M 0.9874320030212402,-0.1580418348312378,0.0008940598345362,0.1956417113542557,0.1580418348312378,0.9873684048652649,-0.0112426951527596,0.6316225528717041,0.0008940473198891,0.0112426960840821,0.9999364018440247,-0.0139174088835716,0.0000000000000000,0.0000000000000000,0.0000000000000000,1.0000000000000000
M 0.9868715405464172,-0.1615045368671417,0.0009339317330159,0.1988240033388138,0.1615045070648193,0.9868051409721375,-0.0114890206605196,0.6459044218063354,0.0009339172393084,0.0114890178665519,0.9999335408210754,-0.0141437873244286,0.0000000000000000,0.0000000000000000,0.0000000000000000,1.0000000000000000
M 0.9862945079803467,-0.1649918258190155,0.0009749790187925,0.2019801884889603,0.1649917662143707,0.9862251281738281,-0.0117370933294296,0.6603070497512817,0.0009749699383974,0.0117370942607522,0.9999306201934814,-0.0143683031201363,0.0000000000000000,0.0000000000000000,0.0000000000000000,1.0000000000000000
M 0.9857005476951599,-0.1685032844543457,0.0010172351030633,0.2051082402467728,0.1685032546520233,0.9856282472610474,-0.0119868926703930,0.6748299598693848,0.0010172184556723,0.0119868936017156,0.9999276399612427,-0.0145908221602440,0.0000000000000000,0.0000000000000000,0.0000000000000000,1.0000000000000000
M 0.9850896596908569,-0.1720383763313293,0.0010606871219352,0.2082073241472244,0.1720383763313293,0.9850142002105713,-0.0122383702546358,0.6894704103469849,0.0010606758296490,0.0122383711859584,0.9999245405197144,-0.0148112699389458,0.0000000000000000,0.0000000000000000,0.0000000000000000,1.0000000000000000
M 0.9844616055488586,-0.1755967736244202,0.0011053683701903,0.2112755328416824,0.1755967140197754,0.9843829870223999,-0.0124915018677711,0.7042279243469238,0.0011053588241339,0.0124915009364486,0.9999213218688965,-0.0150295272469521,0.0000000000000000,0.0000000000000000,0.0000000000000000,1.0000000000000000
M 0.9838160276412964,-0.1791777908802032,0.0011512901401147,0.2143113166093826,0.1791777610778809,0.9837341308593750,-0.0127462483942509,0.7191002368927002,0.0011512786149979,0.0127462474629283,0.9999181032180786,-0.0152455046772957,0.0000000000000000,0.0000000000000000,0.0000000000000000,1.0000000000000000
M 0.9831529259681702,-0.1827811896800995,0.0011984674492851,0.2173134833574295,0.1827811002731323,0.9830676317214966,-0.0130025781691074,0.7340863943099976,0.0011984556913376,0.0130025828257203,0.9999147057533264,-0.0154590532183647,0.0000000000000000,0.0000000000000000,0.0000000000000000,1.0000000000000000
M 0.9824720025062561,-0.1864062547683716,0.0012469037901610,0.2202802449464798,0.1864061653614044,0.9823833703994751,-0.0132604558020830,0.7491842508316040,0.0012468919157982,0.0132604585960507,0.9999112486839294,-0.0156701281666756,0.0000000000000000,0.0000000000000000,0.0000000000000000,1.0000000000000000
M 0.9817730784416199,-0.1900527179241180,0.0012966234935448,0.2232104092836380,0.1900526881217957,0.9816808700561523,-0.0135198570787907,0.7643928527832031,0.0012966152280569,0.0135198580101132,0.9999077320098877,-0.0158785507082939,0.0000000000000000,0.0000000000000000,0.0000000000000000,1.0000000000000000
M 0.9810559749603271,-0.1937198638916016,0.0013476359890774,0.2261021882295609,0.1937198340892792,0.9809601306915283,-0.0137807261198759,0.7797100543975830,0.0013476274907589,0.0137807307764888,0.9999040961265564,-0.0160842612385750,0.0000000000000000,0.0000000000000000,0.0000000000000000,1.0000000000000000
M 0.9803205728530884,-0.1974073648452759,0.0013999484945089,0.2289547473192215,0.1974073648452759,0.9802210330963135,-0.0140430480241776,0.7951343059539795,0.0013999342918396,0.0140430452302098,0.9999004006385803,-0.0162871852517128,0.0000000000000000,0.0000000000000000,0.0000000000000000,1.0000000000000000
M 0.9795666337013245,-0.2011146843433380,0.0014535835944116,0.2317658215761185,0.2011146843433380,0.9794632196426392,-0.0143067762255669,0.8106642961502075,0.0014535710215569,0.0143067790195346,0.9998965859413147,-0.0164871588349342,0.0000000000000000,0.0000000000000000,0.0000000000000000,1.0000000000000000
M 0.9787939786911011,-0.2048414945602417,0.0015085466438904,0.2345345765352249,0.2048414051532745,0.9786866903305054,-0.0145718827843666,0.8262983560562134,0.0015085302293301,0.0145718893036246,0.9998926520347595,-0.0166841372847557,0.0000000000000000,0.0000000000000000,0.0000000000000000,1.0000000000000000
M 0.9780026078224182,-0.2085869610309601,0.0015648452099413,0.2372595816850662,0.2085868716239929,0.9778913259506226,-0.0148383285850286,0.8420343399047852,0.0015648324042559,0.0148383313789964,0.9998886585235596,-0.0168779715895653,0.0000000000000000,0.0000000000000000,0.0000000000000000,1.0000000000000000
M 0.9771921634674072,-0.2123508751392365,0.0016224961727858,0.2399396449327469,0.2123508751392365,0.9770767092704773,-0.0151060875505209,0.8578714132308960,0.0016224849969149,0.0151060866191983,0.9998845458030701,-0.0170686170458794,0.0000000000000000,0.0000000000000000,0.0000000000000000,1.0000000000000000
M 0.9763625860214233,-0.2161326706409454,0.0016815123381093,0.2425728589296341,0.2161327004432678,0.9762430191040039,-0.0153751131147146,0.8738070726394653,0.0016814935952425,0.0153751177713275,0.9998803734779358,-0.0172559693455696,0.0000000000000000,0.0000000000000000,0.0000000000000000,1.0000000000000000
M 0.9755136966705322,-0.2199319601058960,0.0017418995266780,0.2451585084199905,0.2199319601058960,0.9753898382186890,-0.0156453847885132,0.8898407220840454,0.0017418861389160,0.0156453829258680,0.9998760819435120,-0.0174398645758629,0.0000000000000000,0.0000000000000000,0.0000000000000000,1.0000000000000000
M 0.9746453762054443,-0.2237480580806732,0.0018036686815321,0.2476948052644730,0.2237480580806732,0.9745171070098877,-0.0159168504178524,0.9059695005416870,0.0018036551773548,0.0159168522804976,0.9998716711997986,-0.0176203027367592,0.0000000000000000,0.0000000000000000,0.0000000000000000,1.0000000000000000
M 0.9737575054168701,-0.2275806069374084,0.0018668273696676,0.2501806616783142,0.2275805473327637,0.9736247062683105,-0.0161894802004099,0.9221922159194946,0.0018668174743652,0.0161894857883453,0.9998672008514404,-0.0177971497178078,0.0000000000000000,0.0000000000000000,0.0000000000000000,1.0000000000000000
M 0.9728499054908752,-0.2314290106296539,0.0019313924713060,0.2526149153709412,0.2314290106296539,0.9727124571800232,-0.0164632536470890,0.9385075569152832,0.0019313804805279,0.0164632480591536,0.9998626112937927,-0.0179703012108803,0.0000000000000000,0.0000000000000000,0.0000000000000000,1.0000000000000000
M 0.9719225168228149,-0.2352929115295410,0.0019973693415523,0.2549961209297180,0.2352928519248962,0.9717803597450256,-0.0167381186038256,0.9549134969711304,0.0019973553717136,0.0167381167411804,0.9998579025268555,-0.0181396976113319,0.0000000000000000,0.0000000000000000,0.0000000000000000,1.0000000000000000
M 0.9709751605987549,-0.2391717135906219,0.0020647600758821,0.2573234438896179,0.2391716241836548,0.9708282947540283,-0.0170140396803617,0.9714076519012451,0.0020647458732128,0.0170140471309423,0.9998530745506287,-0.0183052495121956,0.0000000000000000,0.0000000000000000,0.0000000000000000,1.0000000000000000
M 0.9700076580047607,-0.2430649399757385,0.0021335813216865,0.2595950961112976,0.2430649101734161,0.9698559045791626,-0.0172909963876009,0.9879893064498901,0.0021335668861866,0.0172910001128912,0.9998481869697571,-0.0184668526053429,0.0000000000000000,0.0000000000000000,0.0000000000000000,1.0000000000000000
M 0.9690201282501221,-0.2469720542430878,0.0022038309834898,0.2618102431297302,0.2469719946384430,0.9688633680343628,-0.0175689365714788,1.0046559572219849,0.0022038239985704,0.0175689365714788,0.9998431801795959,-0.0186244174838066,0.0000000000000000,0.0000000000000000,0.0000000000000000,1.0000000000000000
M 0.9680122733116150,-0.2508926689624786,0.0022755281534046,0.2639678120613098,0.2508926689624786,0.9678503274917603,-0.0178478416055441,1.0214067697525024,0.0022755190730095,0.0178478397428989,0.9998381137847900,-0.0187779143452644,0.0000000000000000,0.0000000000000000,0.0000000000000000,1.0000000000000000
M 0.9669840335845947,-0.2548262476921082,0.0023486781865358,0.2660661339759827,0.2548262178897858,0.9668169617652893,-0.0181276649236679,1.0382388830184937,0.0023486632853746,0.0181276630610228,0.9998329281806946,-0.0189271941781044,0.0000000000000000,0.0000000000000000,0.0000000000000000,1.0000000000000000
M 0.9659353494644165,-0.2587722837924957,0.0024232792202383,0.2681049704551697,0.2587722539901733,0.9657629728317261,-0.0184083748608828,1.0551512241363525,0.0024232622236013,0.0184083711355925,0.9998275637626648,-0.0190722271800041,0.0000000000000000,0.0000000000000000,0.0000000000000000,1.0000000000000000
M 0.9648661017417908,-0.2627303004264832,0.0024993403349072,0.2700822949409485,0.2627303004264832,0.9646883010864258,-0.0186899378895760,1.0721421241760254,0.0024993252009153,0.0186899397522211,0.9998221993446350,-0.0192128941416740,0.0000000000000000,0.0000000000000000,0.0000000000000000,1.0000000000000000
M 0.9637762308120728,-0.2666999101638794,0.0025768713094294,0.2719978690147400,0.2666998505592346,0.9635928869247437,-0.0189723186194897,1.0892093181610107,0.0025768596678972,0.0189723167568445,0.9998166561126709,-0.0193491503596306,0.0000000000000000,0.0000000000000000,0.0000000000000000,1.0000000000000000
M 0.9626656770706177,-0.2706801891326904,0.0026558737736195,0.2738499045372009,0.2706801891326904,0.9624767303466797,-0.0192554704844952,1.1063507795333862,0.0026558563113213,0.0192554667592049,0.9998110532760620,-0.0194809213280678,0.0000000000000000,0.0000000000000000,0.0000000000000000,1.0000000000000000
M 0.9615343809127808,-0.2746711075305939,0.0027363514527678,0.2756379246711731,0.2746711075305939,0.9613397121429443,-0.0195393748581409,1.1235651969909668,0.0027363356202841,0.0195393711328506,0.9998053312301636,-0.0196081027388573,0.0000000000000000,0.0000000000000000,0.0000000000000000,1.0000000000000000
M 0.9603821635246277,-0.2786720395088196,0.0028183134272695,0.2773607373237610,0.2786720097064972,0.9601818323135376,-0.0198239851742983,1.1408509016036987,0.0028182957321405,0.0198239851742983,0.9997994899749756,-0.0197306498885155,0.0000000000000000,0.0000000000000000,0.0000000000000000,1.0000000000000000
M 0.9592092037200928,-0.2826822400093079,0.0029017583001405,0.2790171504020691,0.2826822698116302,0.9590027332305908,-0.0201092660427094,1.1582052707672119,0.0029017366468906,0.0201092660427094,0.9997935295104980,-0.0198485031723976,0.0000000000000000,0.0000000000000000,0.0000000000000000,1.0000000000000000
M 0.9580152630805969,-0.2867017090320587,0.0029866895638406,0.2806068062782288,0.2867017090320587,0.9578027725219727,-0.0203951913863420,1.1756274700164795,0.0029866769909859,0.0203951988369226,0.9997875094413757,-0.0199615731835365,0.0000000000000000,0.0000000000000000,0.0000000000000000,1.0000000000000000
M 0.9568003416061401,-0.2907294929027557,0.0030731146689504,0.2821280360221863,0.2907295823097229,0.9565817117691040,-0.0206817220896482,1.1931151151657104,0.0030731037259102,0.0206817220896482,0.9997813701629639,-0.0200697779655457,0.0000000000000000,0.0000000000000000,0.0000000000000000,1.0000000000000000
M 0.9555644392967224,-0.2947653234004974,0.0031610352452844,0.2835802435874939,0.2947653234004974,0.9553395509719849,-0.0209688208997250,1.2106660604476929,0.0031610187143087,0.0209688190370798,0.9997751116752625,-0.0201730877161026,0.0000000000000000,0.0000000000000000,0.0000000000000000,1.0000000000000000
M 0.9543075561523438,-0.2988086938858032,0.0032504480332136,0.2849628329277039,0.2988086640834808,0.9540762901306152,-0.0212564505636692,1.2282786369323730,0.0032504349946976,0.0212564505636692,0.9997687339782715,-0.0202714428305626,0.0000000000000000,0.0000000000000000,0.0000000000000000,1.0000000000000000
M 0.9530295133590698,-0.3028590083122253,0.0033413639757782,0.2862746119499207,0.3028590083122253,0.9527918100357056,-0.0215445812791586,1.2459511756896973,0.0033413432538509,0.0215445812791586,0.9997622966766357,-0.0203647762537003,0.0000000000000000,0.0000000000000000,0.0000000000000000,1.0000000000000000
M 0.9517304897308350,-0.3069157898426056,0.0034337718971074,0.2875147461891174,0.3069158494472504,0.9514862298965454,-0.0218331720679998,1.2636818885803223,0.0034337565302849,0.0218331757932901,0.9997556805610657,-0.0204529911279678,0.0000000000000000,0.0000000000000000,0.0000000000000000,1.0000000000000000
M 0.9504103064537048,-0.3109787404537201,0.0035276883281767,0.2886826395988464,0.3109786510467529,0.9501594305038452,-0.0221221894025803,1.2814681529998779,0.0035276673734188,0.0221221931278706,0.9997490048408508,-0.0205360725522041,0.0000000000000000,0.0000000000000000,0.0000000000000000,1.0000000000000000
M 0.9490691423416138,-0.3150471448898315,0.0036230951081961,0.2897775769233704,0.3150470256805420,0.9488114118576050,-0.0224116016179323,1.2993087768554688,0.0036230813711882,0.0224116072058678,0.9997422695159912,-0.0206139460206032,0.0000000000000000,0.0000000000000000,0.0000000000000000,1.0000000000000000
M 0.9477068781852722,-0.3191205561161041,0.0037200013175607,0.2907988429069519,0.3191204965114594,0.9474421739578247,-0.0227013751864433,1.3172019720077515,0.0037199854850769,0.0227013789117336,0.9997353553771973,-0.0206865966320038,0.0000000000000000,0.0000000000000000,0.0000000000000000,1.0000000000000000
M 0.9463235139846802,-0.3231984674930573,0.0038184106815606,0.2917452454566956,0.3231984674930573,0.9460519552230835,-0.0229914709925652,1.3351452350616455,0.0038183890283108,0.0229914709925652,0.9997283220291138,-0.0207539349794388,0.0000000000000000,0.0000000000000000,0.0000000000000000,1.0000000000000000
M 0.9449191093444824,-0.3272805511951447,0.0039183138869703,0.2926164269447327,0.3272804915904999,0.9446403980255127,-0.0232818536460400,1.3531368970870972,0.0039182938635349,0.0232818573713303,0.9997212290763855,-0.0208159014582634,0.0000000000000000,0.0000000000000000,0.0000000000000000,1.0000000000000000
M 0.9434937238693237,-0.3313661515712738,0.0040197162888944,0.2934117913246155,0.3313660621643066,0.9432077407836914,-0.0235724933445454,1.3711750507354736,0.0040196981281042,0.0235724933445454,0.9997140169143677,-0.0208724588155746,0.0000000000000000,0.0000000000000000,0.0000000000000000,1.0000000000000000
M 0.9420472979545593,-0.3354547321796417,0.0041226069442928,0.2941303849220276,0.3354546427726746,0.9417541027069092,-0.0238633453845978,1.3892574310302734,0.0041225887835026,0.0238633453845978,0.9997066855430603,-0.0209236070513725,0.0000000000000000,0.0000000000000000,0.0000000000000000,1.0000000000000000
M 0.9405798912048340,-0.3395460546016693,0.0042269937694073,0.2947718501091003,0.3395460247993469,0.9402792453765869,-0.0241543892771006,1.4073832035064697,0.0042269732803106,0.0241543911397457,0.9996992945671082,-0.0209692418575287,0.0000000000000000,0.0000000000000000,0.0000000000000000,1.0000000000000000
M 0.9390916228294373,-0.3436394631862640,0.0043328665196896,0.2953358292579651,0.3436394333839417,0.9387834668159485,-0.0244455840438604,1.4255492687225342,0.0043328423053026,0.0244455877691507,0.9996917247772217,-0.0210093706846237,0.0000000000000000,0.0000000000000000,0.0000000000000000,1.0000000000000000
