O WIPPER_CG_WIPERS
A WIPPER_CG_WIPERS_WIPPER_CG_WIPERS
M 1.0000000000000000,0.0000000000000005,0.0000000111758709,-0.0000002235174179,-0.0000000149011612,0.9999999403953552,-0.0000000139090623,0.0000000596046448,-0.0000000260770321,0.0000000399860980,1.0000000000000000,-0.0000000596046448,0.0000000000000000,0.0000000000000000,0.0000000000000000,1.0000000000000000
M 0.9999832510948181,0.0030166062060744,0.0049521923065186,-0.0026061832904816,-0.0030801594257355,0.9999123215675354,0.0128751406446099,-0.0098273754119873,-0.0049129426479340,-0.0128900324925780,0.9999048113822937,-0.0048883259296417,0.0000000000000000,0.0000000000000000,0.0000000000000000,1.0000000000000000
M 0.9998841881752014,0.0076030646450818,0.0131925977766514,-0.0066814720630646,-0.0080426335334778,0.9994032382965088,0.0335923098027706,-0.0251734852790833,-0.0129293128848076,-0.0336944088339806,0.9993485808372498,-0.0132956504821777,0.0000000000000000,0.0000000000000000,0.0000000000000000,1.0000000000000000
M 0.9996062517166138,0.0131903300061822,0.0247660428285599,-0.0118821263313293,-0.0146939903497696,0.9979960918426514,0.0615461096167564,-0.0447097122669220,-0.0239045768976212,-0.0618857592344284,0.9977969527244568,-0.0254430472850800,0.0000000000000000,0.0000000000000000,0.0000000000000000,1.0000000000000000
M 0.9990290403366089,0.0190774966031313,0.0397137813270092,-0.0177974849939346,-0.0228230208158493,0.9951096773147583,0.0961037725210190,-0.0668949186801910,-0.0376861542463303,-0.0969167947769165,0.9945787191390991,-0.0415844619274139,0.0000000000000000,0.0000000000000000,0.0000000000000000,1.0000000000000000
M 0.9980150461196899,0.0244767982512712,0.0580260865390301,-0.0239915251731873,-0.0322238355875015,0.9901047348976135,0.1365805268287659,-0.0901501774787903,-0.0541088357567787,-0.1381791532039642,0.9889280200004578,-0.0620282590389252,0.0000000000000000,0.0000000000000000,0.0000000000000000,1.0000000000000000
M 0.9964177012443542,0.0285621769726276,0.0795998200774193,-0.0300474911928177,-0.0427153110504150,0.9823292493820190,0.1822215765714645,-0.1130118966102600,-0.0729885697364807,-0.1849689334630966,0.9800301790237427,-0.0871413648128510,0.0000000000000000,0.0000000000000000,0.0000000000000000,1.0000000000000000
M 0.9940873384475708,0.0305204130709171,0.1042063385248184,-0.0356174558401108,-0.0541563332080841,0.9711612462997437,0.2321919053792953,-0.1342637836933136,-0.0941145420074463,-0.2364623397588730,0.9670718908309937,-0.1173304319381714,0.0000000000000000,0.0000000000000000,0.0000000000000000,1.0000000000000000
M 0.9908776283264160,0.0296050813049078,0.1314730048179626,-0.0404736846685410,-0.0664555132389069,0.9560496807098389,0.2855742871761322,-0.1530346125364304,-0.1172402799129486,-0.2917061746120453,0.9492955803871155,-0.1529981493949890,0.0000000000000000,0.0000000000000000,0.0000000000000000,1.0000000000000000
M 0.9866524338722229,0.0251915231347084,0.1608799546957016,-0.0445519387722015,-0.0795760750770569,0.9365518093109131,0.3413774073123932,-0.1688683331012726,-0.1420725435018539,-0.3496229350566864,0.9260556101799011,-0.1944683790206909,0.0000000000000000,0.0000000000000000,0.0000000000000000,1.0000000000000000
M 0.9812948703765869,0.0168264750391245,0.1917744874954224,-0.0479716509580612,-0.0935340300202370,0.9123628139495850,0.3985543549060822,-0.1817503869533539,-0.1682616472244263,-0.4090367257595062,0.8968706727027893,-0.2418915033340454,0.0000000000000000,0.0000000000000000,0.0000000000000000,1.0000000000000000
M 0.9747170209884644,0.0042720236815512,0.2234020829200745,-0.0510423183441162,-0.1083915159106255,0.8833405971527100,0.4560270607471466,-0.1921033263206482,-0.1953919827938080,-0.4687121808528900,0.8614701628684998,-0.2951349020004272,0.0000000000000000,0.0000000000000000,0.0000000000000000,1.0000000000000000
M 0.9668737649917603,-0.0124646909534931,0.2549508810043335,-0.0542295202612877,-0.1242446750402451,0.8495196104049683,0.5127179622650146,-0.2007402479648590,-0.2229766398668289,-0.5274096727371216,0.8198294043540955,-0.3536738157272339,0.0000000000000000,0.0000000000000000,0.0000000000000000,1.0000000000000000
M 0.9577735662460327,-0.0331167690455914,0.2856099009513855,-0.0581032633781433,-0.1412088871002197,0.8111155033111572,0.5675840377807617,-0.2087951004505157,-0.2504591941833496,-0.5839477181434631,0.7721886634826660,-0.4165093302726746,0.0000000000000000,0.0000000000000000,0.0000000000000000,1.0000000000000000
M 0.9474924802780151,-0.0571606680750847,0.3146279752254486,-0.0632569789886475,-0.1594006866216660,0.7685194015502930,0.6196525692939758,-0.2176209986209869,-0.2772175073623657,-0.6372680068016052,0.7190548777580261,-0.4820967912673950,0.0000000000000000,0.0000000000000000,0.0000000000000000,1.0000000000000000
M 0.9361801743507385,-0.0838386714458466,0.3413764238357544,-0.0702273994684219,-0.1789210736751556,0.7222827076911926,0.6680530905723572,-0.2286850810050964,-0.3025789856910706,-0.6864974498748779,0.6611862182617188,-0.5483378171920776,0.0000000000000000,0.0000000000000000,0.0000000000000000,1.0000000000000000
M 0.9240627884864807,-0.1123484224081039,0.3653571009635925,-0.0792254358530045,-0.1997090131044388,0.6730930805206299,0.7120829224586487,-0.2428534328937531,-0.3259207606315613,-0.7309743762016296,0.5995432734489441,-0.6130108237266541,0.0000000000000000,0.0000000000000000,0.0000000000000000,1.0000000000000000
M 0.9114134311676025,-0.1423679143190384,0.3860789537429810,-0.0896026641130447,-0.2211504876613617,0.6217539310455322,0.7513419389724731,-0.2585561275482178,-0.3470131158828735,-0.7701646089553833,0.5351900458335876,-0.6754680871963501,0.0000000000000000,0.0000000000000000,0.0000000000000000,1.0000000000000000
M 0.8985001444816589,-0.1736644953489304,0.4031603038311005,-0.1005778610706329,-0.2425093054771423,0.5691717267036438,0.7856416702270508,-0.2737438082695007,-0.3659055233001709,-0.8036692142486572,0.4692855477333069,-0.7361122965812683,0.0000000000000000,0.0000000000000000,0.0000000000000000,1.0000000000000000
M 0.8852880001068115,-0.2039755582809448,0.4179224371910095,-0.1149459183216095,-0.2652676701545715,0.5166391134262085,0.8140744566917419,-0.2971339225769043,-0.3819663822650909,-0.8315516114234924,0.4032662212848663,-0.7915601134300232,0.0000000000000000,0.0000000000000000,0.0000000000000000,1.0000000000000000
M 0.8720207214355469,-0.2311309725046158,0.4314606189727783,-0.1341869831085205,-0.2903806567192078,0.4653210937976837,0.8361551761627197,-0.3347606062889099,-0.3940291106700897,-0.8544324040412903,0.3386536836624146,-0.8352347612380981,0.0000000000000000,0.0000000000000000,0.0000000000000000,1.0000000000000000
M 0.8592980504035950,-0.2550208866596222,0.4433635473251343,-0.1558655798435211,-0.3164219856262207,0.4159890413284302,0.8525434732437134,-0.3810120224952698,-0.4018507599830627,-0.8728787899017334,0.2767643034458160,-0.8648689985275269,0.0000000000000000,0.0000000000000000,0.0000000000000000,1.0000000000000000
M 0.8476086258888245,-0.2755709886550903,0.4534537196159363,-0.1779276430606842,-0.3421148657798767,0.3694212734699249,0.8639938831329346,-0.4309324622154236,-0.4056071043014526,-0.8874618411064148,0.2188477069139481,-0.8801025152206421,0.0000000000000000,0.0000000000000000,0.0000000000000000,1.0000000000000000
M 0.8373050689697266,-0.2927667796611786,0.4617443978786469,-0.1987956315279007,-0.3663765192031860,0.3264168798923492,0.8713325262069702,-0.4804490208625793,-0.4058184027671814,-0.8987433314323425,0.1660475581884384,-0.8821778297424316,0.0000000000000000,0.0000000000000000,0.0000000000000000,1.0000000000000000
M 0.8285960555076599,-0.3066695034503937,0.4683827161788940,-0.2173981070518494,-0.3883374929428101,0.2877968847751617,0.8754238486289978,-0.5264695286750793,-0.4032649397850037,-0.9072633385658264,0.1193761304020882,-0.8735822439193726,0.0000000000000000,0.0000000000000000,0.0000000000000000,1.0000000000000000
M 0.8215598464012146,-0.3174213767051697,0.4735853970050812,-0.2331237345933914,-0.4073309302330017,0.2543971836566925,0.8771337866783142,-0.5668382644653320,-0.3988997936248779,-0.9135237932205200,0.0797068923711777,-0.8576777577400208,0.0000000000000000,0.0000000000000000,0.0000000000000000,1.0000000000000000
M 0.8161753416061401,-0.3252424299716949,0.4775722324848175,-0.2457034289836884,-0.4228540062904358,0.2270532697439194,0.8772920370101929,-0.6001507043838501,-0.3937669396400452,-0.9179674386978149,0.0477851629257202,-0.8383567333221436,0.0000000000000000,0.0000000000000000,0.0000000000000000,1.0000000000000000
M 0.8123694658279419,-0.3304162919521332,0.4805007576942444,-0.2550380825996399,-0.4345018863677979,0.2065854966640472,0.8766587972640991,-0.6254463195800781,-0.3889268636703491,-0.9209492802619934,0.0242570918053389,-0.8197342753410339,0.0000000000000000,0.0000000000000000,0.0000000000000000,1.0000000000000000
M 0.8100746870040894,-0.3332685530185699,0.4824012815952301,-0.2609840631484985,-0.4418768286705017,0.1937789320945740,0.8758965134620667,-0.6417795419692993,-0.3853879868984222,-0.9227035641670227,0.0097117181867361,-0.8058710694313049,0.0000000000000000,0.0000000000000000,0.0000000000000000,1.0000000000000000
M 0.8092907071113586,-0.3341427743434906,0.4831120371818542,-0.2631316781044006,-0.4444793462753296,0.1893615722656250,0.8755457401275635,-0.6477056145668030,-0.3840401172637939,-0.9233042597770691,0.0047289258800447,-0.8005097508430481,0.0000000000000000,0.0000000000000000,0.0000000000000000,1.0000000000000000
M 0.8100416660308838,-0.3334254324436188,0.4823484718799591,-0.2609384059906006,-0.4417930245399475,0.1938384324312210,0.8759256005287170,-0.6414719820022583,-0.3855535387992859,-0.9226343631744385,0.0097121233120561,-0.8067122697830200,0.0000000000000000,0.0000000000000000,0.0000000000000000,1.0000000000000000
M 0.8122420907020569,-0.3310093581676483,0.4803078174591064,-0.2548749446868896,-0.4341808557510376,0.2068123966455460,0.8767642974853516,-0.6242681741714478,-0.3895508050918579,-0.9206852912902832,0.0242637954652309,-0.8229072093963623,0.0000000000000000,0.0000000000000000,0.0000000000000000,1.0000000000000000
M 0.8159013390541077,-0.3264988064765930,0.4771828949451447,-0.2453716099262238,-0.4221577644348145,0.2275356650352478,0.8775023818016052,-0.5975882411003113,-0.3950796127319336,-0.9174017906188965,0.0478125661611557,-0.8450415730476379,0.0000000000000000,0.0000000000000000,0.0000000000000000,1.0000000000000000
M 0.8210982084274292,-0.3195157945156097,0.4729772210121155,-0.2325797528028488,-0.4061339497566223,0.2552006244659424,0.8774554133415222,-0.5624105334281921,-0.4010649025440216,-0.9125690460205078,0.0797784700989723,-0.8687249422073364,0.0000000000000000,0.0000000000000000,0.0000000000000000,1.0000000000000000
M 0.8279192447662354,-0.3097245395183563,0.4675687253475189,-0.2165980637073517,-0.3865298032760620,0.2889649868011475,0.8758390545845032,-0.5197435617446899,-0.4063799083232880,-0.9058531522750854,0.1195218935608864,-0.8895120024681091,0.0000000000000000,0.0000000000000000,0.0000000000000000,1.0000000000000000
M 0.8364013433456421,-0.2968524396419525,0.4607726335525513,-0.1976822018623352,-0.3638705611228943,0.3279716968536377,0.8717986345291138,-0.4710718989372253,-0.4099159836769104,-0.8968350887298584,0.1663000434637070,-0.9031853675842285,0.0000000000000000,0.0000000000000000,0.0000000000000000,1.0000000000000000
M 0.8464832305908203,-0.2807047069072723,0.4524058699607849,-0.1764299422502518,-0.3388550281524658,0.3713672459125519,0.8644441962242126,-0.4186799824237823,-0.4106623232364655,-0.8850374221801758,0.2192378491163254,-0.9060899019241333,0.0000000000000000,0.0000000000000000,0.0000000000000000,1.0000000000000000
M 0.8579720854759216,-0.2611669600009918,0.4423524737358093,-0.1539002656936646,-0.3123961091041565,0.4183165729045868,0.8528892397880554,-0.3658431470394135,-0.4077898859977722,-0.8699443340301514,0.2773163020610809,-0.8954871892929077,0.0000000000000000,0.0000000000000000,0.0000000000000000,1.0000000000000000
M 0.8705295324325562,-0.2381995171308517,0.4306266605854034,-0.1316727399826050,-0.2856294512748718,0.4680112302303314,0.8362902402877808,-0.3168666660785675,-0.4007420241832733,-0.8510149717330933,0.3393807113170624,-0.8699460029602051,0.0000000000000000,0.0000000000000000,0.0000000000000000,1.0000000000000000
M 0.8836767673492432,-0.2118210643529892,0.4174293577671051,-0.1118235439062119,-0.2598925232887268,0.5196680426597595,0.8138803243637085,-0.2769774794578552,-0.3893216550350189,-0.8276937603950500,0.4041677117347717,-0.8297129273414612,0.0000000000000000,0.0000000000000000,0.0000000000000000,1.0000000000000000
M 0.8968180418014526,-0.1820853203535080,0.4031901955604553,-0.0968401134014130,-0.2366756796836853,0.5725134015083313,0.7849925160408020,-0.2520766258239746,-0.3737674057483673,-0.7994206547737122,0.4703450798988342,-0.7770314812660217,0.0000000000000000,0.0000000000000000,0.0000000000000000,1.0000000000000000
M 0.9097397923469543,-0.1513948738574982,0.3865918815135956,-0.0848621502518654,-0.2147502899169922,0.6253176927566528,0.7502400875091553,-0.2347674518823624,-0.3553252220153809,-0.7655438184738159,0.5363641381263733,-0.7188874483108521,0.0000000000000000,0.0000000000000000,0.0000000000000000,1.0000000000000000
M 0.9225037693977356,-0.1222665160894394,0.3661119043827057,-0.0726931765675545,-0.1923513114452362,0.6767191290855408,0.7106702923774719,-0.2149173319339752,-0.3346461057662964,-0.7260180711746216,0.6007577776908875,-0.6587367653846741,0.0000000000000000,0.0000000000000000,0.0000000000000000,1.0000000000000000
M 0.9348297119140625,-0.0948996841907501,0.3421806991100311,-0.0611991696059704,-0.1702765077352524,0.7258113026618958,0.6664862036705017,-0.1948493868112564,-0.3116079270839691,-0.6813164353370667,0.6623506546020508,-0.5957534909248352,0.0000000000000000,0.0000000000000000,0.0000000000000000,1.0000000000000000
M 0.9464222788810730,-0.0694255083799362,0.3153808712959290,-0.0513587146997452,-0.1493462473154068,0.7718060612678528,0.6180705428123474,-0.1770929247140884,-0.2863226830959320,-0.6320565342903137,0.7200859189033508,-0.5299392342567444,0.0000000000000000,0.0000000000000000,0.0000000000000000,1.0000000000000000
M 0.9570088386535645,-0.0460388474166393,0.2863819003105164,-0.0439340025186539,-0.1302137970924377,0.8140527606010437,0.5660057067871094,-0.1635448485612869,-0.2591882348060608,-0.5789632201194763,0.7730607390403748,-0.4623954296112061,0.0000000000000000,0.0000000000000000,0.0000000000000000,1.0000000000000000
M 0.9663940668106079,-0.0254336483776569,0.2558042109012604,-0.0386842489242554,-0.1128774136304855,0.8520464897155762,0.5111511349678040,-0.1532521545886993,-0.2309574931859970,-0.5228478312492371,0.8205416202545166,-0.3956594467163086,0.0000000000000000,0.0000000000000000,0.0000000000000000,1.0000000000000000
M 0.9744735956192017,-0.0082407193258405,0.2243510633707047,-0.0350136011838913,-0.0971501097083092,0.8854347467422485,0.4544965922832489,-0.1445903927087784,-0.2023936212062836,-0.4646905958652496,0.8620321750640869,-0.3320146501064301,0.0000000000000000,0.0000000000000000,0.0000000000000000,1.0000000000000000
M 0.9812245965003967,0.0051643038168550,0.1927996277809143,-0.0322807729244232,-0.0828351154923439,0.9140323996543884,0.3970933556556702,-0.1360968202352524,-0.1741743981838226,-0.4056082665920258,0.8972988128662109,-0.2730935811996460,0.0000000000000000,0.0000000000000000,0.0000000000000000,1.0000000000000000
M 0.9866916537284851,0.0146699324250221,0.1619395911693573,-0.0298909842967987,-0.0697489380836487,0.9378278851509094,0.3400205671787262,-0.1265927255153656,-0.1468834280967712,-0.3467905223369598,0.9263700842857361,-0.2199238836765289,0.0000000000000000,0.0000000000000000,0.0000000000000000,1.0000000000000000
M 0.9909707307815552,0.0204159375280142,0.1325157731771469,-0.0273674130439758,-0.0577402412891388,0.9569792747497559,0.2843531668186188,-0.1152759343385696,-0.1210094764828682,-0.2894370257854462,0.9495171904563904,-0.1730169355869293,0.0000000000000000,0.0000000000000000,0.0000000000000000,1.0000000000000000
M 0.9941926002502441,0.0227662213146687,0.1051801294088364,-0.0244079828262329,-0.0467059165239334,0.9718008041381836,0.2311317324638367,-0.1017813086509705,-0.0969521254301071,-0.2347018718719482,0.9672203660011292,-0.1324770450592041,0.0000000000000000,0.0000000000000000,0.0000000000000000,1.0000000000000000
M 0.9965091347694397,0.0222678072750568,0.0804597884416580,-0.0208992660045624,-0.0366016924381256,0.9827393889427185,0.1813381612300873,-0.0862073302268982,-0.0750330314040184,-0.1836501359939575,0.9801238179206848,-0.0981262624263763,0.0000000000000000,0.0000000000000000,0.0000000000000000,1.0000000000000000
M 0.9980809688568115,0.0195996630936861,0.0587397031486034,-0.0169109255075455,-0.0274447500705719,0.9903450012207031,0.1358807682991028,-0.0690912306308746,-0.0555093437433243,-0.1372319459915161,0.9889823198318481,-0.0696151256561279,0.0000000000000000,0.0000000000000000,0.0000000000000000,1.0000000000000000
M 0.9990686774253845,0.0155183393508196,0.0402632877230644,-0.0126601159572601,-0.0193108618259430,0.9952340126037598,0.0955840796232224,-0.0513505339622498,-0.0385880693793297,-0.0962724387645721,0.9946067333221436,-0.0465187132358551,0.0000000000000000,0.0000000000000000,0.0000000000000000,1.0000000000000000
M 0.9996253848075867,0.0108015993610024,0.0251495130360126,-0.0084633827209473,-0.0123241841793060,0.9980498552322388,0.0611931160092354,-0.0341812968254089,-0.0244395062327385,-0.0614800453186035,0.9978090524673462,-0.0284025669097900,0.0000000000000000,0.0000000000000000,0.0000000000000000,1.0000000000000000
M 0.9998907446861267,0.0061950837261975,0.0134246237576008,-0.0046855509281158,-0.0066403895616531,0.9994205832481384,0.0333828032016754,-0.0189244449138641,-0.0132100433111191,-0.0334682315587997,0.9993524551391602,-0.0148675143718719,0.0000000000000000,0.0000000000000000,0.0000000000000000,1.0000000000000000
M 0.9999843835830688,0.0023607017938048,0.0050619468092918,-0.0016848146915436,-0.0024251937866211,0.9999153614044189,0.0127774653956294,-0.0069017410278320,-0.0050313584506512,-0.0127894626930356,0.9999055266380310,-0.0055587291717529,0.0000000000000000,0.0000000000000000,0.0000000000000000,1.0000000000000000
M 1.0000000000000000,-0.0001721382141113,0.0000287182701868,0.0002401322126389,0.0001720637083054,0.9999998807907104,-0.0000254352908087,0.0007698535919189,-0.0000286810100079,0.0000255191098404,1.0000000000000000,-0.0001638829708099,0.0000000000000000,0.0000000000000000,0.0000000000000000,1.0000000000000000
M 0.9999980926513672,-0.0010561348171905,-0.0016644448041916,0.0008981972932816,0.0010487288236618,0.9999895691871643,-0.0044289706274867,0.0033863484859467,0.0016690902411938,0.0044273352250457,0.9999887347221375,0.0015827119350433,0.0000000000000000,0.0000000000000000,0.0000000000000000,1.0000000000000000
