O WIDGET_60_CG_ES_NOTOUCH
A WIDGET_60_CG_ES_NOTOUCH_WIDGET_60_CG_ES_NOTOUCH
M 1.0000000000000000,0.0000000009313226,0.0000000000000000,-0.0000000423626396,-0.0000000009313225,1.0000000000000000,-0.0000000437113954,-0.0000000077826847,-0.0000000000000000,0.0000000437113883,1.0000000000000000,0.0000000646756959,0.0000000000000000,0.0000000000000000,0.0000000000000000,1.0000000000000000
M 0.9997181296348572,0.0237460639327765,-0.0000000010379736,-0.0222252774983644,-0.0237460639327765,0.9997181296348572,-0.0000000436990746,-0.0941446274518967,-0.0000000000000000,0.0000000437113883,1.0000000000000000,0.0000000646756959,0.0000000000000000,0.0000000000000000,0.0000000000000000,1.0000000000000000
M 0.9980478882789612,0.0624548420310020,-0.0000000027299887,-0.0632674992084503,-0.0624548420310020,0.9980478882789612,-0.0000000436260592,-0.2465350329875946,-0.0000000000000000,0.0000000437113883,1.0000000000000000,0.0000000646756959,0.0000000000000000,0.0000000000000000,0.0000000000000000,1.0000000000000000
M 0.9933304190635681,0.1153028607368469,-0.0000000050400488,-0.1289889961481094,-0.1153028607368469,0.9933304190635681,-0.0000000434198526,-0.4524235129356384,-0.0000000000000000,0.0000000437113883,1.0000000000000000,0.0000000646756959,0.0000000000000000,0.0000000000000000,0.0000000000000000,1.0000000000000000
M 0.9834367036819458,0.1812522709369659,-0.0000000079227895,-0.2269314527511597,-0.1812522709369659,0.9834367036819458,-0.0000000429873772,-0.7057918906211853,-0.0000000000000000,0.0000000437113883,1.0000000000000000,0.0000000646756959,0.0000000000000000,0.0000000000000000,0.0000000000000000,1.0000000000000000
M 0.9658964872360229,0.2589288055896759,-0.0000000113181375,-0.3656924962997437,-0.2589288055896759,0.9658964872360229,-0.0000000422206767,-0.9989821910858154,-0.0000000000000000,0.0000000437113883,1.0000000000000000,0.0000000646756959,0.0000000000000000,0.0000000000000000,0.0000000000000000,1.0000000000000000
M 0.9380497932434082,0.3465008437633514,-0.0000000151460355,-0.5542184710502625,-0.3465008437633514,0.9380497932434082,-0.0000000410034602,-1.3223490715026855,-0.0000000000000000,0.0000000437113883,1.0000000000000000,0.0000000646756959,0.0000000000000000,0.0000000000000000,0.0000000000000000,1.0000000000000000
M 0.8972243070602417,0.4415751993656158,-0.0000000193018685,-0.8010052442550659,-0.4415751993656158,0.8972243070602417,-0.0000000392189143,-1.6640042066574097,-0.0000000000000000,0.0000000437113883,1.0000000000000000,0.0000000646756959,0.0000000000000000,0.0000000000000000,0.0000000000000000,1.0000000000000000
M 0.8409407138824463,0.5411274433135986,-0.0000000236534312,-1.1132210493087769,-0.5411274433135986,0.8409407138824463,-0.0000000367586850,-2.0097210407257080,-0.0000000000000000,0.0000000437113883,1.0000000000000000,0.0000000646756959,0.0000000000000000,0.0000000000000000,0.0000000000000000,1.0000000000000000
M 0.7671390175819397,0.6414809823036194,-0.0000000280400236,-1.4957865476608276,-0.6414809823036194,0.7671390175819397,-0.0000000335327179,-2.3430545330047607,-0.0000000000000000,0.0000000437113883,1.0000000000000000,0.0000000646756959,0.0000000000000000,0.0000000000000000,0.0000000000000000,1.0000000000000000
M 0.6744165420532227,0.7383512258529663,-0.0000000322743574,-1.9504699707031250,-0.7383512258529663,0.6744165420532227,-0.0000000294796898,-2.6457245349884033,-0.0000000000000000,0.0000000437113883,1.0000000000000000,0.0000000646756959,0.0000000000000000,0.0000000000000000,0.0000000000000000,1.0000000000000000
M 0.5622600913047791,0.8269604444503784,-0.0000000361475969,-2.4750654697418213,-0.8269604444503784,0.5622600913047791,-0.0000000245771723,-2.8982841968536377,-0.0000000000000000,0.0000000437113883,1.0000000000000000,0.0000000646756959,0.0000000000000000,0.0000000000000000,0.0000000000000000,1.0000000000000000
M 0.4312493503093719,0.9022328853607178,-0.0000000394378574,-3.0627570152282715,-0.9022328853607178,0.4312493503093719,-0.0000000188505069,-3.0810699462890625,-0.0000000000000000,0.0000000437113883,1.0000000000000000,0.0000000646756959,0.0000000000000000,0.0000000000000000,0.0000000000000000,1.0000000000000000
M 0.2832090854644775,0.9590582251548767,-0.0000000419217585,-3.7017493247985840,-0.9590582251548767,0.2832090854644775,-0.0000000123794637,-3.1753902435302734,-0.0000000000000000,0.0000000437113883,1.0000000000000000,0.0000000646756959,0.0000000000000000,0.0000000000000000,0.0000000000000000,1.0000000000000000
M 0.1212829053401947,0.9926180243492126,-0.0000000433887202,-4.3752636909484863,-0.9926180243492126,0.1212829053401947,-0.0000000053014451,-3.1648843288421631,-0.0000000000000000,0.0000000437113883,1.0000000000000000,0.0000000646756959,0.0000000000000000,0.0000000000000000,0.0000000000000000,1.0000000000000000
M -0.0500890649855137,0.9987448453903198,-0.0000000436565237,-5.0619454383850098,-0.9987448453903198,-0.0500890687108040,0.0000000021894628,-3.0369322299957275,-0.0000000000000000,0.0000000437113883,1.0000000000000000,0.0000000646756959,0.0000000000000000,0.0000000000000000,0.0000000000000000,1.0000000000000000
M -0.2253051698207855,0.9742882847785950,-0.0000000425874944,-5.7367272377014160,-0.9742882847785950,-0.2253051698207855,0.0000000098484021,-2.7839887142181396,-0.0000000000000000,0.0000000437113883,1.0000000000000000,0.0000000646756959,0.0000000000000000,0.0000000000000000,0.0000000000000000,1.0000000000000000
M -0.3978526890277863,0.9174493551254272,-0.0000000401029858,-6.3721213340759277,-0.9174493551254272,-0.3978526890277863,0.0000000173906969,-2.4046905040740967,-0.0000000000000000,0.0000000437113883,1.0000000000000000,0.0000000646756959,0.0000000000000000,0.0000000000000000,0.0000000000000000,1.0000000000000000
M -0.5606617927551270,0.8280450105667114,-0.0000000361949972,-6.9398603439331055,-0.8280450105667114,-0.5606617927551270,0.0000000245073082,-1.9045935869216919,-0.0000000000000000,0.0000000437113883,1.0000000000000000,0.0000000646756959,0.0000000000000000,0.0000000000000000,0.0000000000000000,1.0000000000000000
M -0.7065440416336060,0.7076691985130310,-0.0000000309332044,-7.4127860069274902,-0.7076691985130310,-0.7065440416336060,0.0000000308840242,-1.2964229583740234,-0.0000000000000000,0.0000000437113883,1.0000000000000000,0.0000000646756959,0.0000000000000000,0.0000000000000000,0.0000000000000000,1.0000000000000000
M -0.8286817073822021,0.5597202777862549,-0.0000000244661535,-7.7668161392211914,-0.5597202777862549,-0.8286817073822021,0.0000000362228363,-0.5997472405433655,-0.0000000000000000,0.0000000437113883,1.0000000000000000,0.0000000646756959,0.0000000000000000,0.0000000000000000,0.0000000000000000,1.0000000000000000
M -0.9211164116859436,0.3892872631549835,-0.0000000170162888,-7.9827890396118164,-0.3892872631549835,-0.9211164116859436,0.0000000402632772,0.1599085927009583,-0.0000000000000000,0.0000000437113883,1.0000000000000000,0.0000000646756959,0.0000000000000000,0.0000000000000000,0.0000000000000000,1.0000000000000000
M -0.9792024493217468,0.2028855830430984,-0.0000000088684118,-8.0480270385742188,-0.2028855830430984,-0.9792024493217468,0.0000000428022915,0.9525154232978821,-0.0000000000000000,0.0000000437113883,1.0000000000000000,0.0000000646756959,0.0000000000000000,0.0000000000000000,0.0000000000000000,1.0000000000000000
M -0.9999675154685974,0.0080676674842834,-0.0000000003526489,-7.9574270248413086,-0.0080676674842834,-0.9999675154685974,0.0000000437099743,1.7454091310501099,-0.0000000000000000,0.0000000437113883,1.0000000000000000,0.0000000646756959,0.0000000000000000,0.0000000000000000,0.0000000000000000,1.0000000000000000
M -0.9823485016822815,-0.1870599240064621,0.0000000081766487,-7.7139678001403809,0.1870599240064621,-0.9823485016822815,0.0000000429398170,2.5054202079772949,-0.0000000000000000,0.0000000437113883,1.0000000000000000,0.0000000646756959,0.0000000000000000,0.0000000000000000,0.0000000000000000,1.0000000000000000
M -0.9272774457931519,-0.3743750154972076,0.0000000163644547,-7.3285722732543945,0.3743750154972076,-0.9272774457931519,0.0000000405325835,3.2010889053344727,-0.0000000000000000,0.0000000437113883,1.0000000000000000,0.0000000646756959,0.0000000000000000,0.0000000000000000,0.0000000000000000,1.0000000000000000
M -0.8376045227050781,-0.5462772250175476,0.0000000238785400,-6.8193264007568359,0.5462772250175476,-0.8376045227050781,0.0000000366128639,3.8047361373901367,-0.0000000000000000,0.0000000437113883,1.0000000000000000,0.0000000646756959,0.0000000000000000,0.0000000000000000,0.0000000000000000,1.0000000000000000
M -0.7178701758384705,-0.6961771249771118,0.0000000304308720,-6.2101349830627441,0.6961771249771118,-0.7178701758384705,0.0000000313791020,4.2942028045654297,-0.0000000000000000,0.0000000437113883,1.0000000000000000,0.0000000646756959,0.0000000000000000,0.0000000000000000,0.0000000000000000,1.0000000000000000
M -0.5739489197731018,-0.8188911080360413,0.0000000357948657,-5.5289578437805176,0.8188911080360413,-0.5739489197731018,0.0000000250881076,4.6541037559509277,-0.0000000000000000,0.0000000437113883,1.0000000000000000,0.0000000646756959,0.0000000000000000,0.0000000000000000,0.0000000000000000,1.0000000000000000
M -0.4126037657260895,-0.9109106659889221,0.0000000398171771,-4.8057966232299805,0.9109106659889221,-0.4126037657260895,0.0000000180354842,4.8765034675598145,-0.0000000000000000,0.0000000437113883,1.0000000000000000,0.0000000646756959,0.0000000000000000,0.0000000000000000,0.0000000000000000,1.0000000000000000
M -0.2409955561161041,-0.9705262780189514,0.0000000424230500,-4.0706372261047363,0.9705262780189514,-0.2409955561161041,0.0000000105342517,4.9609694480895996,-0.0000000000000000,0.0000000437113883,1.0000000000000000,0.0000000646756959,0.0000000000000000,0.0000000000000000,0.0000000000000000,1.0000000000000000
M -0.0661971047520638,-0.9978066086769104,0.0000000436155112,-3.3515343666076660,0.9978066086769104,-0.0661971047520638,0.0000000028935678,4.9140610694885254,-0.0000000000000000,0.0000000437113883,1.0000000000000000,0.0000000646756959,0.0000000000000000,0.0000000000000000,0.0000000000000000,1.0000000000000000
M 0.1052520051598549,-0.9944455623626709,0.0000000434685958,-2.6729781627655029,0.9944455623626709,0.1052520051598549,-0.0000000046007114,4.7483239173889160,-0.0000000000000000,0.0000000437113883,1.0000000000000000,0.0000000646756959,0.0000000000000000,0.0000000000000000,0.0000000000000000,1.0000000000000000
M 0.2676977813243866,-0.9635030031204224,0.0000000421160529,-2.0547251701354980,0.9635030031204224,0.2676977813243866,-0.0000000117014416,4.4809470176696777,-0.0000000000000000,0.0000000437113883,1.0000000000000000,0.0000000646756959,0.0000000000000000,0.0000000000000000,0.0000000000000000,1.0000000000000000
M 0.4166361987590790,-0.9090734124183655,0.0000000397368680,-1.5110409259796143,0.9090734124183655,0.4166361987590790,-0.0000000182117503,4.1322088241577148,-0.0000000000000000,0.0000000437113883,1.0000000000000000,0.0000000646756959,0.0000000000000000,0.0000000000000000,0.0000000000000000,1.0000000000000000
M 0.5488436818122864,-0.8359251022338867,0.0000000365394470,-1.0505015850067139,0.8359251022338867,0.5488436818122864,-0.0000000239907187,3.7239303588867188,-0.0000000000000000,0.0000000437113883,1.0000000000000000,0.0000000646756959,0.0000000000000000,0.0000000000000000,0.0000000000000000,1.0000000000000000
M 0.6624152660369873,-0.7491369843482971,0.0000000327458203,-0.6761660575866699,0.7491369843482971,0.6624152660369873,-0.0000000289550943,3.2779939174652100,-0.0000000000000000,0.0000000437113883,1.0000000000000000,0.0000000646756959,0.0000000000000000,0.0000000000000000,0.0000000000000000,1.0000000000000000
M 0.7566894292831421,-0.6537744998931885,0.0000000285773911,-0.3861615359783173,0.6537744998931885,0.7566894292831421,-0.0000000330759455,2.8151228427886963,-0.0000000000000000,0.0000000437113883,1.0000000000000000,0.0000000646756959,0.0000000000000000,0.0000000000000000,0.0000000000000000,1.0000000000000000
M 0.8321003913879395,-0.5546252131462097,0.0000000242434410,-0.1745081245899200,0.5546252131462097,0.8321003913879395,-0.0000000363722705,2.3539636135101318,-0.0000000000000000,0.0000000437113883,1.0000000000000000,0.0000000646756959,0.0000000000000000,0.0000000000000000,0.0000000000000000,1.0000000000000000
M 0.8899827599525452,-0.4559943377971649,0.0000000199321484,-0.0320731066167355,0.4559943377971649,0.8899827599525452,-0.0000000389023747,1.9104436635971069,-0.0000000000000000,0.0000000437113883,1.0000000000000000,0.0000000646756959,0.0000000000000000,0.0000000000000000,0.0000000000000000,1.0000000000000000
M 0.9323366880416870,-0.3615916073322296,0.0000000158056732,0.0523910596966743,0.3615916073322296,0.9323366880416870,-0.0000000407537293,1.4975323677062988,-0.0000000000000000,0.0000000437113883,1.0000000000000000,0.0000000646756959,0.0000000000000000,0.0000000000000000,0.0000000000000000,1.0000000000000000
M 0.9615930318832397,-0.2744794785976410,0.0000000119978791,0.0912694782018661,0.2744794785976410,0.9615930318832397,-0.0000000420325748,1.1252431869506836,-0.0000000000000000,0.0000000437113883,1.0000000000000000,0.0000000646756959,0.0000000000000000,0.0000000000000000,0.0000000000000000,1.0000000000000000
M 0.9803842902183533,-0.1970956623554230,0.0000000086153253,0.0971931368112564,0.1970956623554230,0.9803842902183533,-0.0000000428539586,0.8009268641471863,-0.0000000000000000,0.0000000437113883,1.0000000000000000,0.0000000646756959,0.0000000000000000,0.0000000000000000,0.0000000000000000,1.0000000000000000
M 0.9913406968116760,-0.1313152313232422,0.0000000057399721,0.0822843834757805,0.1313152313232422,0.9913406968116760,-0.0000000433328786,0.5296993255615234,-0.0000000000000000,0.0000000437113883,1.0000000000000000,0.0000000646756959,0.0000000000000000,0.0000000000000000,0.0000000000000000,1.0000000000000000
M 0.9969101548194885,-0.0785511806607246,0.0000000034335821,0.0575295351445675,0.0785511806607246,0.9969101548194885,-0.0000000435763283,0.3150022029876709,-0.0000000000000000,0.0000000437113883,1.0000000000000000,0.0000000646756959,0.0000000000000000,0.0000000000000000,0.0000000000000000,1.0000000000000000
M 0.9992048144340515,-0.0398738197982311,0.0000000017429402,0.0322768092155457,0.0398738197982311,0.9992048144340515,-0.0000000436766356,0.1592128276824951,-0.0000000000000000,0.0000000437113883,1.0000000000000000,0.0000000646756959,0.0000000000000000,0.0000000000000000,0.0000000000000000,1.0000000000000000
M 0.9998698830604553,-0.0161352902650833,0.0000000007052960,0.0138227920979261,0.0161352902650833,0.9998698830604553,-0.0000000437057075,0.0642565786838531,-0.0000000000000000,0.0000000437113883,1.0000000000000000,0.0000000646756959,0.0000000000000000,0.0000000000000000,0.0000000000000000,1.0000000000000000
M 0.9999675154685974,-0.0080678183585405,0.0000000003526555,0.0070409979671240,0.0080678183585405,0.9999675154685974,-0.0000000437099743,0.0321000330150127,-0.0000000000000000,0.0000000437113883,1.0000000000000000,0.0000000646756959,0.0000000000000000,0.0000000000000000,0.0000000000000000,1.0000000000000000
