O WIDGET_1_CG_PANT
A WIDGET_1_CG_PANT_WIDGET_1_CG_PANT
M 1.0000000000000000,0.0000000000000000,0.0000000000000000,0.0000000002328306,0.0000000000000000,1.0000000000000000,-0.0000000437113883,-0.0000000000000946,-0.0000000000000000,0.0000000437113989,0.9999999403953552,-0.0000000000000568,0.0000000000000000,0.0000000000000000,0.0000000000000000,1.0000000000000000
M 1.0000000000000000,0.0000000000000000,0.0000000000000000,0.0000000002328306,0.0000000000000000,1.0000000000000000,-0.0000000437113883,0.0085043907165527,-0.0000000000000000,0.0000000437113989,0.9999999403953552,-0.0000000000000568,0.0000000000000000,0.0000000000000000,0.0000000000000000,1.0000000000000000
M 1.0000000000000000,0.0000000000000000,0.0000000000000000,0.0000000002328306,0.0000000000000000,1.0000000000000000,-0.0000000437113883,0.0223796367645264,-0.0000000000000000,0.0000000437113989,0.9999999403953552,-0.0000000000000568,0.0000000000000000,0.0000000000000000,0.0000000000000000,1.0000000000000000
M 1.0000000000000000,0.0000000000000000,0.0000000000000000,0.0000000002328306,0.0000000000000000,1.0000000000000000,-0.0000000437113883,0.0413818359375000,-0.0000000000000000,0.0000000437113989,0.9999999403953552,-0.0000000000000568,0.0000000000000000,0.0000000000000000,0.0000000000000000,1.0000000000000000
M 1.0000000000000000,0.0000000000000000,0.0000000000000000,0.0000000002328306,0.0000000000000000,1.0000000000000000,-0.0000000437113883,0.0652670860290527,-0.0000000000000000,0.0000000437113989,0.9999999403953552,-0.0000000000000568,0.0000000000000000,0.0000000000000000,0.0000000000000000,1.0000000000000000
M 1.0000000000000000,0.0000000000000000,0.0000000000000000,0.0000000002328306,0.0000000000000000,1.0000000000000000,-0.0000000437113883,0.0937907695770264,-0.0000000000000000,0.0000000437113989,0.9999999403953552,-0.0000000000000568,0.0000000000000000,0.0000000000000000,0.0000000000000000,1.0000000000000000
M 1.0000000000000000,0.0000000000000000,0.0000000000000000,0.0000000002328306,0.0000000000000000,1.0000000000000000,-0.0000000437113883,0.1267089843750000,-0.0000000000000000,0.0000000437113989,0.9999999403953552,-0.0000000000000568,0.0000000000000000,0.0000000000000000,0.0000000000000000,1.0000000000000000
M 1.0000000000000000,0.0000000000000000,0.0000000000000000,0.0000000002328306,0.0000000000000000,1.0000000000000000,-0.0000000437113883,0.1637778282165527,-0.0000000000000000,0.0000000437113989,0.9999999403953552,-0.0000000000000568,0.0000000000000000,0.0000000000000000,0.0000000000000000,1.0000000000000000
M 1.0000000000000000,0.0000000000000000,0.0000000000000000,0.0000000002328306,0.0000000000000000,1.0000000000000000,-0.0000000437113883,0.2047526836395264,-0.0000000000000000,0.0000000437113989,0.9999999403953552,-0.0000000000000568,0.0000000000000000,0.0000000000000000,0.0000000000000000,1.0000000000000000
M 1.0000000000000000,0.0000000000000000,0.0000000000000000,0.0000000002328306,0.0000000000000000,1.0000000000000000,-0.0000000437113883,0.2493896484375000,-0.0000000000000000,0.0000000437113989,0.9999999403953552,-0.0000000000000568,0.0000000000000000,0.0000000000000000,0.0000000000000000,1.0000000000000000
M 1.0000000000000000,0.0000000000000000,0.0000000000000000,0.0000000002328306,0.0000000000000000,1.0000000000000000,-0.0000000437113883,0.2974448204040527,-0.0000000000000000,0.0000000437113989,0.9999999403953552,-0.0000000000000568,0.0000000000000000,0.0000000000000000,0.0000000000000000,1.0000000000000000
M 1.0000000000000000,0.0000000000000000,0.0000000000000000,0.0000000002328306,0.0000000000000000,1.0000000000000000,-0.0000000437113883,0.3486735820770264,-0.0000000000000000,0.0000000437113989,0.9999999403953552,-0.0000000000000568,0.0000000000000000,0.0000000000000000,0.0000000000000000,1.0000000000000000
M 1.0000000000000000,0.0000000000000000,0.0000000000000000,0.0000000002328306,0.0000000000000000,1.0000000000000000,-0.0000000437113883,0.4028320312500000,-0.0000000000000000,0.0000000437113989,0.9999999403953552,-0.0000000000000568,0.0000000000000000,0.0000000000000000,0.0000000000000000,1.0000000000000000
M 1.0000000000000000,0.0000000000000000,0.0000000000000000,0.0000000002328306,0.0000000000000000,1.0000000000000000,-0.0000000437113883,0.4596760272979736,-0.0000000000000000,0.0000000437113989,0.9999999403953552,-0.0000000000000568,0.0000000000000000,0.0000000000000000,0.0000000000000000,1.0000000000000000
M 1.0000000000000000,0.0000000000000000,0.0000000000000000,0.0000000002328306,0.0000000000000000,1.0000000000000000,-0.0000000437113883,0.5189616680145264,-0.0000000000000000,0.0000000437113989,0.9999999403953552,-0.0000000000000568,0.0000000000000000,0.0000000000000000,0.0000000000000000,1.0000000000000000
M 1.0000000000000000,0.0000000000000000,0.0000000000000000,0.0000000002328306,0.0000000000000000,1.0000000000000000,-0.0000000437113883,0.5804445743560791,-0.0000000000000000,0.0000000437113989,0.9999999403953552,-0.0000000000000568,0.0000000000000000,0.0000000000000000,0.0000000000000000,1.0000000000000000
M 1.0000000000000000,0.0000000000000000,0.0000000000000000,0.0000000002328306,0.0000000000000000,1.0000000000000000,-0.0000000437113883,0.6438801288604736,-0.0000000000000000,0.0000000437113989,0.9999999403953552,-0.0000000000000568,0.0000000000000000,0.0000000000000000,0.0000000000000000,1.0000000000000000
M 1.0000000000000000,0.0000000000000000,0.0000000000000000,0.0000000002328306,0.0000000000000000,1.0000000000000000,-0.0000000437113883,0.7090251445770264,-0.0000000000000000,0.0000000437113989,0.9999999403953552,-0.0000000000000568,0.0000000000000000,0.0000000000000000,0.0000000000000000,1.0000000000000000
M 1.0000000000000000,0.0000000000000000,0.0000000000000000,0.0000000002328306,0.0000000000000000,1.0000000000000000,-0.0000000437113883,0.7756350040435791,-0.0000000000000000,0.0000000437113989,0.9999999403953552,-0.0000000000000568,0.0000000000000000,0.0000000000000000,0.0000000000000000,1.0000000000000000
M 1.0000000000000000,0.0000000000000000,0.0000000000000000,0.0000000002328306,0.0000000000000000,1.0000000000000000,-0.0000000437113883,0.8434650897979736,-0.0000000000000000,0.0000000437113989,0.9999999403953552,-0.0000000000000568,0.0000000000000000,0.0000000000000000,0.0000000000000000,1.0000000000000000
M 1.0000000000000000,0.0000000000000000,0.0000000000000000,0.0000000002328306,0.0000000000000000,1.0000000000000000,-0.0000000437113883,0.9122722148895264,-0.0000000000000000,0.0000000437113989,0.9999999403953552,-0.0000000000000568,0.0000000000000000,0.0000000000000000,0.0000000000000000,1.0000000000000000
M 1.0000000000000000,0.0000000000000000,0.0000000000000000,0.0000000002328306,0.0000000000000000,1.0000000000000000,-0.0000000437113883,0.9818117618560791,-0.0000000000000000,0.0000000437113989,0.9999999403953552,-0.0000000000000568,0.0000000000000000,0.0000000000000000,0.0000000000000000,1.0000000000000000
M 1.0000000000000000,0.0000000000000000,0.0000000000000000,0.0000000002328306,0.0000000000000000,1.0000000000000000,-0.0000000437113883,1.0518391132354736,-0.0000000000000000,0.0000000437113989,0.9999999403953552,-0.0000000000000568,0.0000000000000000,0.0000000000000000,0.0000000000000000,1.0000000000000000
M 1.0000000000000000,0.0000000000000000,0.0000000000000000,0.0000000002328306,0.0000000000000000,1.0000000000000000,-0.0000000437113883,1.1221110820770264,-0.0000000000000000,0.0000000437113989,0.9999999403953552,-0.0000000000000568,0.0000000000000000,0.0000000000000000,0.0000000000000000,1.0000000000000000
M 1.0000000000000000,0.0000000000000000,0.0000000000000000,0.0000000002328306,0.0000000000000000,1.0000000000000000,-0.0000000437113883,1.1923830509185791,-0.0000000000000000,0.0000000437113989,0.9999999403953552,-0.0000000000000568,0.0000000000000000,0.0000000000000000,0.0000000000000000,1.0000000000000000
M 1.0000000000000000,0.0000000000000000,0.0000000000000000,0.0000000002328306,0.0000000000000000,1.0000000000000000,-0.0000000437113883,1.2624104022979736,-0.0000000000000000,0.0000000437113989,0.9999999403953552,-0.0000000000000568,0.0000000000000000,0.0000000000000000,0.0000000000000000,1.0000000000000000
M 1.0000000000000000,0.0000000000000000,0.0000000000000000,0.0000000002328306,0.0000000000000000,1.0000000000000000,-0.0000000437113883,1.3319499492645264,-0.0000000000000000,0.0000000437113989,0.9999999403953552,-0.0000000000000568,0.0000000000000000,0.0000000000000000,0.0000000000000000,1.0000000000000000
M 1.0000000000000000,0.0000000000000000,0.0000000000000000,0.0000000002328306,0.0000000000000000,1.0000000000000000,-0.0000000437113883,1.4007570743560791,-0.0000000000000000,0.0000000437113989,0.9999999403953552,-0.0000000000000568,0.0000000000000000,0.0000000000000000,0.0000000000000000,1.0000000000000000
M 1.0000000000000000,0.0000000000000000,0.0000000000000000,0.0000000002328306,0.0000000000000000,1.0000000000000000,-0.0000000437113883,1.4685876369476318,-0.0000000000000000,0.0000000437113989,0.9999999403953552,-0.0000000000000568,0.0000000000000000,0.0000000000000000,0.0000000000000000,1.0000000000000000
M 1.0000000000000000,0.0000000000000000,0.0000000000000000,0.0000000002328306,0.0000000000000000,1.0000000000000000,-0.0000000437113883,1.5351970195770264,-0.0000000000000000,0.0000000437113989,0.9999999403953552,-0.0000000000000568,0.0000000000000000,0.0000000000000000,0.0000000000000000,1.0000000000000000
M 1.0000000000000000,0.0000000000000000,0.0000000000000000,0.0000000002328306,0.0000000000000000,1.0000000000000000,-0.0000000437113883,1.6003415584564209,-0.0000000000000000,0.0000000437113989,0.9999999403953552,-0.0000000000000568,0.0000000000000000,0.0000000000000000,0.0000000000000000,1.0000000000000000
M 1.0000000000000000,0.0000000000000000,0.0000000000000000,0.0000000002328306,0.0000000000000000,1.0000000000000000,-0.0000000437113883,1.6637780666351318,-0.0000000000000000,0.0000000437113989,0.9999999403953552,-0.0000000000000568,0.0000000000000000,0.0000000000000000,0.0000000000000000,1.0000000000000000
M 1.0000000000000000,0.0000000000000000,0.0000000000000000,0.0000000002328306,0.0000000000000000,1.0000000000000000,-0.0000000437113883,1.7252604961395264,-0.0000000000000000,0.0000000437113989,0.9999999403953552,-0.0000000000000568,0.0000000000000000,0.0000000000000000,0.0000000000000000,1.0000000000000000
M 1.0000000000000000,0.0000000000000000,0.0000000000000000,0.0000000002328306,0.0000000000000000,1.0000000000000000,-0.0000000437113883,1.7845461368560791,-0.0000000000000000,0.0000000437113989,0.9999999403953552,-0.0000000000000568,0.0000000000000000,0.0000000000000000,0.0000000000000000,1.0000000000000000
M 1.0000000000000000,0.0000000000000000,0.0000000000000000,0.0000000002328306,0.0000000000000000,1.0000000000000000,-0.0000000437113883,1.8413898944854736,-0.0000000000000000,0.0000000437113989,0.9999999403953552,-0.0000000000000568,0.0000000000000000,0.0000000000000000,0.0000000000000000,1.0000000000000000
M 1.0000000000000000,0.0000000000000000,0.0000000000000000,0.0000000002328306,0.0000000000000000,1.0000000000000000,-0.0000000437113883,1.8955485820770264,-0.0000000000000000,0.0000000437113989,0.9999999403953552,-0.0000000000000568,0.0000000000000000,0.0000000000000000,0.0000000000000000,1.0000000000000000
M 1.0000000000000000,0.0000000000000000,0.0000000000000000,0.0000000002328306,0.0000000000000000,1.0000000000000000,-0.0000000437113883,1.9467771053314209,-0.0000000000000000,0.0000000437113989,0.9999999403953552,-0.0000000000000568,0.0000000000000000,0.0000000000000000,0.0000000000000000,1.0000000000000000
M 1.0000000000000000,0.0000000000000000,0.0000000000000000,0.0000000002328306,0.0000000000000000,1.0000000000000000,-0.0000000437113883,1.9948327541351318,-0.0000000000000000,0.0000000437113989,0.9999999403953552,-0.0000000000000568,0.0000000000000000,0.0000000000000000,0.0000000000000000,1.0000000000000000
M 1.0000000000000000,0.0000000000000000,0.0000000000000000,0.0000000002328306,0.0000000000000000,1.0000000000000000,-0.0000000437113883,2.0394699573516846,-0.0000000000000000,0.0000000437113989,0.9999999403953552,-0.0000000000000568,0.0000000000000000,0.0000000000000000,0.0000000000000000,1.0000000000000000
M 1.0000000000000000,0.0000000000000000,0.0000000000000000,0.0000000002328306,0.0000000000000000,1.0000000000000000,-0.0000000437113883,2.0804450511932373,-0.0000000000000000,0.0000000437113989,0.9999999403953552,-0.0000000000000568,0.0000000000000000,0.0000000000000000,0.0000000000000000,1.0000000000000000
M 1.0000000000000000,0.0000000000000000,0.0000000000000000,0.0000000002328306,0.0000000000000000,1.0000000000000000,-0.0000000437113883,2.1175134181976318,-0.0000000000000000,0.0000000437113989,0.9999999403953552,-0.0000000000000568,0.0000000000000000,0.0000000000000000,0.0000000000000000,1.0000000000000000
M 1.0000000000000000,0.0000000000000000,0.0000000000000000,0.0000000002328306,0.0000000000000000,1.0000000000000000,-0.0000000437113883,2.1504318714141846,-0.0000000000000000,0.0000000437113989,0.9999999403953552,-0.0000000000000568,0.0000000000000000,0.0000000000000000,0.0000000000000000,1.0000000000000000
M 1.0000000000000000,0.0000000000000000,0.0000000000000000,0.0000000002328306,0.0000000000000000,1.0000000000000000,-0.0000000437113883,2.1789557933807373,-0.0000000000000000,0.0000000437113989,0.9999999403953552,-0.0000000000000568,0.0000000000000000,0.0000000000000000,0.0000000000000000,1.0000000000000000
M 1.0000000000000000,0.0000000000000000,0.0000000000000000,0.0000000002328306,0.0000000000000000,1.0000000000000000,-0.0000000437113883,2.2028405666351318,-0.0000000000000000,0.0000000437113989,0.9999999403953552,-0.0000000000000568,0.0000000000000000,0.0000000000000000,0.0000000000000000,1.0000000000000000
M 1.0000000000000000,0.0000000000000000,0.0000000000000000,0.0000000002328306,0.0000000000000000,1.0000000000000000,-0.0000000437113883,2.2218430042266846,-0.0000000000000000,0.0000000437113989,0.9999999403953552,-0.0000000000000568,0.0000000000000000,0.0000000000000000,0.0000000000000000,1.0000000000000000
M 1.0000000000000000,0.0000000000000000,0.0000000000000000,0.0000000002328306,0.0000000000000000,1.0000000000000000,-0.0000000437113883,2.2357175350189209,-0.0000000000000000,0.0000000437113989,0.9999999403953552,-0.0000000000000568,0.0000000000000000,0.0000000000000000,0.0000000000000000,1.0000000000000000
M 1.0000000000000000,0.0000000000000000,0.0000000000000000,0.0000000002328306,0.0000000000000000,1.0000000000000000,-0.0000000437113883,2.2442224025726318,-0.0000000000000000,0.0000000437113989,0.9999999403953552,-0.0000000000000568,0.0000000000000000,0.0000000000000000,0.0000000000000000,1.0000000000000000
M 1.0000000000000000,0.0000000000000000,0.0000000000000000,0.0000000002328306,0.0000000000000000,1.0000000000000000,-0.0000000437113883,2.2471110820770264,-0.0000000000000000,0.0000000437113989,0.9999999403953552,-0.0000000000000568,0.0000000000000000,0.0000000000000000,0.0000000000000000,1.0000000000000000
O HINGE_1.001
A HINGE_1.001_HINGE_1.001
M 1.0000000000000000,-0.0000000000000000,0.0000000000000000,0.0000000036088750,-0.0000000000000000,1.0000000000000000,-0.0000000437113883,0.0000001909464942,-0.0000000000000000,0.0000000437113847,0.9999999403953552,-0.0000000000000068,0.0000000000000000,0.0000000000000000,0.0000000000000000,1.0000000000000000
M 0.9999986290931702,-0.0016173861222342,0.0000000000706982,0.0056976219639182,0.0016173858894035,0.9999986886978149,-0.0000000437113030,0.0086292196065187,0.0000000000000000,0.0000000437113847,0.9999999403953552,-0.0000000000000068,0.0000000000000000,0.0000000000000000,0.0000000000000000,1.0000000000000000
M 0.9999905228614807,-0.0043333149515092,0.0000000001894152,0.0152646638453007,0.0043333144858479,0.9999906420707703,-0.0000000437109797,0.0227349642664194,0.0000000000000001,0.0000000437113847,0.9999999403953552,-0.0000000000000068,0.0000000000000000,0.0000000000000000,0.0000000000000000,1.0000000000000000
M 0.9999666213989258,-0.0081643406301737,0.0000000003568746,0.0287587959319353,0.0081643396988511,0.9999666213989258,-0.0000000437099281,0.0421066693961620,0.0000000000000001,0.0000000437113847,0.9999999403953552,-0.0000000000000068,0.0000000000000000,0.0000000000000000,0.0000000000000000,1.0000000000000000
M 0.9999137520790100,-0.0131269274279475,0.0000000005737960,0.0462370179593563,0.0131269264966249,0.9999138712882996,-0.0000000437076082,0.0665471702814102,0.0000000000000002,0.0000000437113847,0.9999999403953552,-0.0000000000000068,0.0000000000000000,0.0000000000000000,0.0000000000000000,1.0000000000000000
M 0.9998148679733276,-0.0192373618483543,0.0000000008408920,0.0677554532885551,0.0192373599857092,0.9998149275779724,-0.0000000437032988,0.0958738103508949,0.0000000000000003,0.0000000437113847,0.9999999403953552,-0.0000000000000068,0.0000000000000000,0.0000000000000000,0.0000000000000000,1.0000000000000000
M 0.9996484518051147,-0.0265116710215807,0.0000000011588619,0.0933689549565315,0.0265116710215807,0.9996484518051147,-0.0000000436960228,0.1299194395542145,0.0000000000000004,0.0000000437113847,0.9999999403953552,-0.0000000000000068,0.0000000000000000,0.0000000000000000,0.0000000000000000,1.0000000000000000
M 0.9993885159492493,-0.0349654629826546,0.0000000015283890,0.1231305673718452,0.0349654592573643,0.9993885755538940,-0.0000000436846470,0.1685326099395752,0.0000000000000005,0.0000000437113847,0.9999999403953552,-0.0000000000000068,0.0000000000000000,0.0000000000000000,0.0000000000000000,1.0000000000000000
M 0.9990043044090271,-0.0446137897670269,0.0000000019501312,0.1570910364389420,0.0446137897670269,0.9990043044090271,-0.0000000436678640,0.2115787267684937,0.0000000000000006,0.0000000437113847,0.9999999403953552,-0.0000000000000068,0.0000000000000000,0.0000000000000000,0.0000000000000000,1.0000000000000000
M 0.9984602332115173,-0.0554709360003471,0.0000000024247115,0.1952980458736420,0.0554709360003471,0.9984602928161621,-0.0000000436440857,0.2589396536350250,0.0000000000000008,0.0000000437113847,0.9999999403953552,-0.0000000000000068,0.0000000000000000,0.0000000000000000,0.0000000000000000,1.0000000000000000
M 0.9977158904075623,-0.0675501599907875,0.0000000029527121,0.2377952784299850,0.0675501525402069,0.9977159500122070,-0.0000000436115215,0.3105154335498810,0.0000000000000010,0.0000000437113847,0.9999999403953552,-0.0000000000000068,0.0000000000000000,0.0000000000000000,0.0000000000000000,1.0000000000000000
M 0.9967250823974609,-0.0808634757995605,0.0000000035346548,0.2846216559410095,0.0808634757995605,0.9967251420021057,-0.0000000435682388,0.3662247359752655,0.0000000000000011,0.0000000437113847,0.9999999403953552,-0.0000000000000067,0.0000000000000000,0.0000000000000000,0.0000000000000000,1.0000000000000000
M 0.9954369664192200,-0.0954213067889214,0.0000000041709995,0.3358100354671478,0.0954212993383408,0.9954369664192200,-0.0000000435119176,0.4260039329528809,0.0000000000000015,0.0000000437113847,0.9999999403953552,-0.0000000000000067,0.0000000000000000,0.0000000000000000,0.0000000000000000,1.0000000000000000
M 0.9937967658042908,-0.1112114787101746,0.0000000048612065,0.3913135230541229,0.1112114787101746,0.9937968254089355,-0.0000000434402239,0.4898003935813904,0.0000000000000017,0.0000000437113847,0.9999999403953552,-0.0000000000000067,0.0000000000000000,0.0000000000000000,0.0000000000000000,1.0000000000000000
M 0.9917564392089844,-0.1281371414661407,0.0000000056010525,0.4507873356342316,0.1281371265649796,0.9917564392089844,-0.0000000433510507,0.5575327277183533,0.0000000000000020,0.0000000437113847,0.9999999403953552,-0.0000000000000067,0.0000000000000000,0.0000000000000000,0.0000000000000000,1.0000000000000000
M 0.9892728924751282,-0.1460791677236557,0.0000000063853216,0.5138086676597595,0.1460791677236557,0.9892729520797729,-0.0000000432424798,0.6290990710258484,0.0000000000000022,0.0000000437113847,0.9999999403953552,-0.0000000000000067,0.0000000000000000,0.0000000000000000,0.0000000000000000,1.0000000000000000
M 0.9863073825836182,-0.1649170964956284,0.0000000072087554,0.5799501538276672,0.1649170815944672,0.9863073825836182,-0.0000000431128662,0.7043825984001160,0.0000000000000025,0.0000000437113847,0.9999999403953552,-0.0000000000000066,0.0000000000000000,0.0000000000000000,0.0000000000000000,1.0000000000000000
M 0.9828269481658936,-0.1845292299985886,0.0000000080660323,0.6487808227539062,0.1845292299985886,0.9828269481658936,-0.0000000429607176,0.7832471132278442,0.0000000000000028,0.0000000437113847,0.9999999403953552,-0.0000000000000066,0.0000000000000000,0.0000000000000000,0.0000000000000000,1.0000000000000000
M 0.9788052439689636,-0.2047931253910065,0.0000000089517886,0.7198671102523804,0.2047930955886841,0.9788053035736084,-0.0000000427849400,0.8655316829681396,0.0000000000000031,0.0000000437113847,0.9999999403953552,-0.0000000000000066,0.0000000000000000,0.0000000000000000,0.0000000000000000,1.0000000000000000
M 0.9742232561111450,-0.2255857586860657,0.0000000098606669,0.7927744984626770,0.2255857437849045,0.9742233157157898,-0.0000000425846380,0.9510496258735657,0.0000000000000034,0.0000000437113847,0.9999999403953552,-0.0000000000000066,0.0000000000000000,0.0000000000000000,0.0000000000000000,1.0000000000000000
M 0.9690704345703125,-0.2467842698097229,0.0000000107872866,0.8670691847801208,0.2467842698097229,0.9690704941749573,-0.0000000423593889,1.0395860671997070,0.0000000000000037,0.0000000437113847,0.9999999403953552,-0.0000000000000066,0.0000000000000000,0.0000000000000000,0.0000000000000000,1.0000000000000000
M 0.9633448123931885,-0.2682663500308990,0.0000000117262946,0.9423202276229858,0.2682663202285767,0.9633448123931885,-0.0000000421091393,1.1308935880661011,0.0000000000000040,0.0000000437113847,0.9999999403953552,-0.0000000000000065,0.0000000000000000,0.0000000000000000,0.0000000000000000,1.0000000000000000
M 0.9570537805557251,-0.2899105846881866,0.0000000126723902,1.0181005001068115,0.2899105548858643,0.9570537209510803,-0.0000000418341450,1.2246929407119751,0.0000000000000043,0.0000000437113847,0.9999999403953552,-0.0000000000000065,0.0000000000000000,0.0000000000000000,0.0000000000000000,1.0000000000000000
M 0.9502142071723938,-0.3115975558757782,0.0000000136203582,1.0939904451370239,0.3115975260734558,0.9502141475677490,-0.0000000415351806,1.3206723928451538,0.0000000000000042,0.0000000437113847,0.9999999403953552,-0.0000000000000065,0.0000000000000000,0.0000000000000000,0.0000000000000000,1.0000000000000000
M 0.9428494572639465,-0.3332187235355377,0.0000000145654564,1.1696094274520874,0.3332187235355377,0.9428495168685913,-0.0000000412132621,1.4184963703155518,0.0000000000000046,0.0000000437113847,0.9999999403953552,-0.0000000000000065,0.0000000000000000,0.0000000000000000,0.0000000000000000,1.0000000000000000
M 0.9349789619445801,-0.3547032773494720,0.0000000155045754,1.2447097301483154,0.3547032773494720,0.9349789619445801,-0.0000000408692138,1.5178481340408325,0.0000000000000049,0.0000000437113847,0.9999999403953552,-0.0000000000000065,0.0000000000000000,0.0000000000000000,0.0000000000000000,1.0000000000000000
M 0.9266234040260315,-0.3759908378124237,0.0000000164350737,1.3190798759460449,0.3759908080101013,0.9266233444213867,-0.0000000405039771,1.6184061765670776,0.0000000000000052,0.0000000437113847,0.9999999403953552,-0.0000000000000064,0.0000000000000000,0.0000000000000000,0.0000000000000000,1.0000000000000000
M 0.9178088307380676,-0.3970226645469666,0.0000000173544112,1.3925150632858276,0.3970226645469666,0.9178088307380676,-0.0000000401186995,1.7198292016983032,0.0000000000000055,0.0000000437113847,0.9999999403953552,-0.0000000000000064,0.0000000000000000,0.0000000000000000,0.0000000000000000,1.0000000000000000
M 0.9085655212402344,-0.4177424311637878,0.0000000182601081,1.4648189544677734,0.4177424311637878,0.9085655212402344,-0.0000000397146458,1.8217630386352539,0.0000000000000058,0.0000000437113847,0.9999999403953552,-0.0000000000000064,0.0000000000000000,0.0000000000000000,0.0000000000000000,1.0000000000000000
M 0.8989281654357910,-0.4380959570407867,0.0000000191497751,1.5358034372329712,0.4380959570407867,0.8989282250404358,-0.0000000392934005,1.9238367080688477,0.0000000000000061,0.0000000437113847,0.9999999403953552,-0.0000000000000064,0.0000000000000000,0.0000000000000000,0.0000000000000000,1.0000000000000000
M 0.8889360427856445,-0.4580313563346863,0.0000000200211865,1.6052885055541992,0.4580313563346863,0.8889360427856445,-0.0000000388566015,2.0256643295288086,0.0000000000000063,0.0000000437113847,0.9999999403953552,-0.0000000000000064,0.0000000000000000,0.0000000000000000,0.0000000000000000,1.0000000000000000
M 0.8786318302154541,-0.4774998724460602,0.0000000208721751,1.6731055974960327,0.4774998724460602,0.8786318302154541,-0.0000000384062169,2.1268484592437744,0.0000000000000066,0.0000000437113847,0.9999999403953552,-0.0000000000000063,0.0000000000000000,0.0000000000000000,0.0000000000000000,1.0000000000000000
M 0.8680624365806580,-0.4964550435543060,0.0000000217007390,1.7390946149826050,0.4964549839496613,0.8680624365806580,-0.0000000379442007,2.2269744873046875,0.0000000000000069,0.0000000437113847,0.9999999403953552,-0.0000000000000063,0.0000000000000000,0.0000000000000000,0.0000000000000000,1.0000000000000000
M 0.8572779893875122,-0.5148537158966064,0.0000000225049703,1.8031073808670044,0.5148537158966064,0.8572779893875122,-0.0000000374728124,2.3256199359893799,0.0000000000000072,0.0000000437113847,0.9999999403953552,-0.0000000000000063,0.0000000000000000,0.0000000000000000,0.0000000000000000,1.0000000000000000
M 0.8463410139083862,-0.5326414704322815,0.0000000232824906,1.8649561405181885,0.5326414704322815,0.8463410139083862,-0.0000000369947273,2.4223153591156006,0.0000000000000075,0.0000000437113847,0.9999999403953552,-0.0000000000000063,0.0000000000000000,0.0000000000000000,0.0000000000000000,1.0000000000000000
M 0.8353554010391235,-0.5497102737426758,0.0000000240285996,1.9242688417434692,0.5497102141380310,0.8353554010391235,-0.0000000365145461,2.5164434909820557,0.0000000000000077,0.0000000437113847,0.9999999403953552,-0.0000000000000063,0.0000000000000000,0.0000000000000000,0.0000000000000000,1.0000000000000000
M 0.8244429826736450,-0.5659450292587280,0.0000000247382363,1.9806489944458008,0.5659449696540833,0.8244431018829346,-0.0000000360375374,2.6073215007781982,0.0000000000000080,0.0000000437113847,0.9999999403953552,-0.0000000000000062,0.0000000000000000,0.0000000000000000,0.0000000000000000,1.0000000000000000
M 0.8137335777282715,-0.5812380313873291,0.0000000254067221,2.0337264537811279,0.5812379717826843,0.8137335777282715,-0.0000000355694105,2.6942420005798340,0.0000000000000082,0.0000000437113847,0.9999999403953552,-0.0000000000000062,0.0000000000000000,0.0000000000000000,0.0000000000000000,1.0000000000000000
M 0.8033635616302490,-0.5954887866973877,0.0000000260296424,2.0831577777862549,0.5954887270927429,0.8033636212348938,-0.0000000351161091,2.7764701843261719,0.0000000000000084,0.0000000437113847,0.9999999403953552,-0.0000000000000062,0.0000000000000000,0.0000000000000000,0.0000000000000000,1.0000000000000000
M 0.7934750318527222,-0.6086027622222900,0.0000000266028781,2.1286201477050781,0.6086027622222900,0.7934750318527222,-0.0000000346838824,2.8532564640045166,0.0000000000000086,0.0000000437113847,0.9999999403953552,-0.0000000000000062,0.0000000000000000,0.0000000000000000,0.0000000000000000,1.0000000000000000
M 0.7842134237289429,-0.6204910874366760,0.0000000271225336,2.1698112487792969,0.6204910874366760,0.7842134833335876,-0.0000000342790472,2.9238355159759521,0.0000000000000087,0.0000000437113847,0.9999999403953552,-0.0000000000000062,0.0000000000000000,0.0000000000000000,0.0000000000000000,1.0000000000000000
M 0.7757267951965332,-0.6310690045356750,0.0000000275849015,2.2064437866210938,0.6310689449310303,0.7757268548011780,-0.0000000339080835,2.9874372482299805,0.0000000000000089,0.0000000437113847,0.9999999403953552,-0.0000000000000062,0.0000000000000000,0.0000000000000000,0.0000000000000000,1.0000000000000000
M 0.7681630253791809,-0.6402541399002075,0.0000000279864043,2.2382385730743408,0.6402541399002075,0.7681630849838257,-0.0000000335774750,3.0432898998260498,0.0000000000000090,0.0000000437113847,0.9999999403953552,-0.0000000000000062,0.0000000000000000,0.0000000000000000,0.0000000000000000,1.0000000000000000
M 0.7616696357727051,-0.6479654908180237,0.0000000283234716,2.2649211883544922,0.6479654908180237,0.7616696357727051,-0.0000000332936381,3.0906231403350830,0.0000000000000091,0.0000000437113847,0.9999999403953552,-0.0000000000000062,0.0000000000000000,0.0000000000000000,0.0000000000000000,1.0000000000000000
M 0.7563898563385010,-0.6541211009025574,0.0000000285925417,2.2862133979797363,0.6541210412979126,0.7563898563385010,-0.0000000330628360,3.1286833286285400,0.0000000000000092,0.0000000437113847,0.9999999403953552,-0.0000000000000062,0.0000000000000000,0.0000000000000000,0.0000000000000000,1.0000000000000000
M 0.7524622678756714,-0.6586353778839111,0.0000000287898736,2.3018238544464111,0.6586353182792664,0.7524622678756714,-0.0000000328911405,3.1567294597625732,0.0000000000000093,0.0000000437113847,0.9999999403953552,-0.0000000000000061,0.0000000000000000,0.0000000000000000,0.0000000000000000,1.0000000000000000
M 0.7500179409980774,-0.6614174842834473,0.0000000289114830,2.3114428520202637,0.6614174246788025,0.7500179409980774,-0.0000000327843104,3.1740520000457764,0.0000000000000093,0.0000000437113847,0.9999999403953552,-0.0000000000000061,0.0000000000000000,0.0000000000000000,0.0000000000000000,1.0000000000000000
M 0.7491781711578369,-0.6623684763908386,0.0000000289530675,2.3147308826446533,0.6623684763908386,0.7491782307624817,-0.0000000327476073,3.1799697875976562,0.0000000000000003,0.0000000437113847,0.9999999403953552,-0.0000000000000068,0.0000000000000000,0.0000000000000000,0.0000000000000000,1.0000000000000000
O WIDGET_2
A WIDGET_2_WIDGET_2
M 1.0000000000000000,0.0000000038489825,0.0000000245636329,0.0000000894069672,-0.0000000027612259,1.0000000000000000,-0.0000000445553994,-0.0000004425819498,-0.0000000051222742,0.0000000422853006,1.0000000000000000,-0.0000000095460599,0.0000000000000000,0.0000000000000000,0.0000000000000000,1.0000000000000000
M 0.9999986290931702,-0.0016173906624317,0.0000000228881021,0.0056974738836288,0.0016173723852262,0.9999988079071045,-0.0000000397532141,0.0086287688463926,-0.0000000051222742,0.0000000422853006,1.0000000000000000,-0.0000000095460599,0.0000000000000000,0.0000000000000000,0.0000000000000000,1.0000000000000000
M 0.9999905228614807,-0.0043333140201867,0.0000000595612306,0.0152646452188492,0.0043333014473319,0.9999906420707703,-0.0000000413826733,0.0227348655462265,-0.0000000051222742,0.0000000422853006,1.0000000000000000,-0.0000000095460599,0.0000000000000000,0.0000000000000000,0.0000000000000000,1.0000000000000000
M 0.9999666810035706,-0.0081643369048834,-0.0000000075593674,0.0287588834762573,0.0081643471494317,0.9999665021896362,-0.0000000455725697,0.0421065725386143,-0.0000000051222742,0.0000000422853006,1.0000000000000000,-0.0000000095460599,0.0000000000000000,0.0000000000000000,0.0000000000000000,1.0000000000000000
M 0.9999137520790100,-0.0131269190460443,0.0000000152421258,0.0462370067834854,0.0131269125267863,0.9999138712882996,-0.0000000418449773,0.0665467977523804,-0.0000000051222742,0.0000000422853006,1.0000000000000000,-0.0000000095460599,0.0000000000000000,0.0000000000000000,0.0000000000000000,1.0000000000000000
M 0.9998149275779724,-0.0192373543977737,-0.0000000275644467,0.0677554011344910,0.0192373506724834,0.9998148679733276,-0.0000000418406501,0.0958735272288322,-0.0000000051222742,0.0000000422853006,1.0000000000000000,-0.0000000095460599,0.0000000000000000,0.0000000000000000,0.0000000000000000,1.0000000000000000
M 0.9996485114097595,-0.0265116728842258,-0.0000000109483311,0.0933687984943390,0.0265116672962904,0.9996484518051147,-0.0000000464899905,0.1299191862344742,-0.0000000051222742,0.0000000422853006,1.0000000000000000,-0.0000000095460599,0.0000000000000000,0.0000000000000000,0.0000000000000000,1.0000000000000000
M 0.9993884563446045,-0.0349654629826546,0.0000000271397589,0.1231306642293930,0.0349654555320740,0.9993885159492493,-0.0000000436846612,0.1685322076082230,-0.0000000051222742,0.0000000422853006,1.0000000000000000,-0.0000000095460635,0.0000000000000000,0.0000000000000000,0.0000000000000000,1.0000000000000000
M 0.9990042448043823,-0.0446137823164463,0.0000000070724044,0.1570912003517151,0.0446137860417366,0.9990043044090271,-0.0000000408738963,0.2115786969661713,-0.0000000051222742,0.0000000422853006,1.0000000000000000,-0.0000000095460635,0.0000000000000000,0.0000000000000000,0.0000000000000000,1.0000000000000000
M 0.9984602928161621,-0.0554709397256374,-0.0000000376221578,0.1952983886003494,0.0554709397256374,0.9984602332115173,-0.0000000436440821,0.2589396536350250,-0.0000000051222742,0.0000000422853006,1.0000000000000000,-0.0000000095460635,0.0000000000000000,0.0000000000000000,0.0000000000000000,1.0000000000000000
M 0.9977158904075623,-0.0675501450896263,0.0000000162240568,0.2377952784299850,0.0675501525402069,0.9977159500122070,-0.0000000398862596,0.3105154335498810,-0.0000000051222742,0.0000000422853006,1.0000000000000000,-0.0000000095460635,0.0000000000000000,0.0000000000000000,0.0000000000000000,1.0000000000000000
M 0.9967252016067505,-0.0808634683489799,0.0000000277490422,0.2846218347549438,0.0808634683489799,0.9967252016067505,-0.0000000435682423,0.3662242889404297,-0.0000000051222742,0.0000000422853006,1.0000000000000000,-0.0000000095460635,0.0000000000000000,0.0000000000000000,0.0000000000000000,1.0000000000000000
M 0.9954369664192200,-0.0954213067889214,0.0000000176751751,0.3358098864555359,0.0954212993383408,0.9954370260238647,-0.0000000416492902,0.4260034561157227,-0.0000000051222742,0.0000000422853006,1.0000000000000000,-0.0000000095460670,0.0000000000000000,0.0000000000000000,0.0000000000000000,1.0000000000000000
M 0.9937968254089355,-0.1112114638090134,0.0000000013687478,0.3913135230541229,0.1112114712595940,0.9937968254089355,-0.0000000378523026,0.4897997975349426,-0.0000000051222742,0.0000000422853006,1.0000000000000000,-0.0000000095460670,0.0000000000000000,0.0000000000000000,0.0000000000000000,1.0000000000000000
M 0.9917564392089844,-0.1281371414661407,0.0000000246931648,0.4507876634597778,0.1281371414661407,0.9917563796043396,-0.0000000433510472,0.5575326085090637,-0.0000000051222742,0.0000000422853006,1.0000000000000000,-0.0000000095460670,0.0000000000000000,0.0000000000000000,0.0000000000000000,1.0000000000000000
M 0.9892728924751282,-0.1460791677236557,0.0000000198895016,0.5138086080551147,0.1460791528224945,0.9892730116844177,-0.0000000451051427,0.6290989518165588,-0.0000000051222742,0.0000000422853006,1.0000000000000000,-0.0000000095460670,0.0000000000000000,0.0000000000000000,0.0000000000000000,1.0000000000000000
M 0.9863073825836182,-0.1649170666933060,0.0000000030178025,0.5799502134323120,0.1649170666933060,0.9863073229789734,-0.0000000449755078,0.7043825984001160,-0.0000000051222742,0.0000000422853006,1.0000000000000000,-0.0000000095460706,0.0000000000000000,0.0000000000000000,0.0000000000000000,1.0000000000000000
M 0.9828270077705383,-0.1845292150974274,-0.0000000226676171,0.6487807035446167,0.1845292001962662,0.9828270077705383,-0.0000000373727964,0.7832466959953308,-0.0000000051222742,0.0000000422853006,1.0000000000000000,-0.0000000095460706,0.0000000000000000,0.0000000000000000,0.0000000000000000,1.0000000000000000
M 0.9788052439689636,-0.2047931104898453,0.0000000154710484,0.7198672294616699,0.2047930806875229,0.9788053631782532,-0.0000000371970046,0.8655310273170471,-0.0000000051222742,0.0000000422853006,1.0000000000000000,-0.0000000095460706,0.0000000000000000,0.0000000000000000,0.0000000000000000,1.0000000000000000
M 0.9742233753204346,-0.2255857586860657,0.0000000121889734,0.7927746176719666,0.2255857437849045,0.9742233157157898,-0.0000000463099425,0.9510492086410522,-0.0000000051222742,0.0000000422853006,1.0000000000000000,-0.0000000095460706,0.0000000000000000,0.0000000000000000,0.0000000000000000,1.0000000000000000
M 0.9690703749656677,-0.2467842847108841,0.0000000554907658,0.8670696616172791,0.2467842847108841,0.9690704941749573,-0.0000000442220625,1.0395853519439697,-0.0000000051222742,0.0000000422853006,1.0000000000000000,-0.0000000095460742,0.0000000000000000,0.0000000000000000,0.0000000000000000,1.0000000000000000
M 0.9633447527885437,-0.2682663500308990,0.0000000024130689,0.9423201680183411,0.2682663202285767,0.9633446931838989,-0.0000000439717773,1.1308935880661011,-0.0000000051222742,0.0000000422853006,1.0000000000000000,-0.0000000095460742,0.0000000000000000,0.0000000000000000,0.0000000000000000,1.0000000000000000
M 0.9570537209510803,-0.2899105846881866,0.0000000326958300,1.0181006193161011,0.2899105846881866,0.9570537209510803,-0.0000000474220805,1.2246930599212646,-0.0000000051222742,0.0000000422853006,1.0000000000000000,-0.0000000095460742,0.0000000000000000,0.0000000000000000,0.0000000000000000,1.0000000000000000
M 0.9502142071723938,-0.3115975558757782,0.0000000043071360,1.0939904451370239,0.3115975558757782,0.9502142071723938,-0.0000000396725355,1.3206715583801270,-0.0000000051222742,0.0000000422853006,1.0000000000000000,-0.0000000095460742,0.0000000000000000,0.0000000000000000,0.0000000000000000,1.0000000000000000
M 0.9428495764732361,-0.3332187235355377,0.0000000285352915,1.1696097850799561,0.3332187533378601,0.9428495168685913,-0.0000000449385524,1.4184957742691040,-0.0000000051222742,0.0000000422853006,1.0000000000000000,-0.0000000095460777,0.0000000000000000,0.0000000000000000,0.0000000000000000,1.0000000000000000
M 0.9349789619445801,-0.3547033071517944,-0.0000000040532004,1.2447102069854736,0.3547032475471497,0.9349790215492249,-0.0000000352812961,1.5178478956222534,-0.0000000051222742,0.0000000422853006,1.0000000000000000,-0.0000000095460777,0.0000000000000000,0.0000000000000000,0.0000000000000000,1.0000000000000000
M 0.9266233444213867,-0.3759908080101013,0.0000000117784680,1.3190797567367554,0.3759907782077789,0.9266232848167419,-0.0000000218775398,1.6184058189392090,-0.0000000051222742,0.0000000422853006,1.0000000000000000,-0.0000000095460777,0.0000000000000000,0.0000000000000000,0.0000000000000000,1.0000000000000000
M 0.9178088307380676,-0.3970226645469666,0.0000000443627641,1.3925151824951172,0.3970226645469666,0.9178087711334229,-0.0000000401186959,1.7198287248611450,-0.0000000051222742,0.0000000422853006,1.0000000000000000,-0.0000000095460813,0.0000000000000000,0.0000000000000000,0.0000000000000000,1.0000000000000000
M 0.9085654616355896,-0.4177424013614655,0.0000000396805220,1.4648191928863525,0.4177424609661102,0.9085655212402344,-0.0000000508905309,1.8217631578445435,-0.0000000051222742,0.0000000422853006,1.0000000000000000,-0.0000000095460813,0.0000000000000000,0.0000000000000000,0.0000000000000000,1.0000000000000000
M 0.8989281058311462,-0.4380959570407867,0.0000000349822642,1.5358039140701294,0.4380959868431091,0.8989282250404358,-0.0000000448813360,1.9238368272781372,-0.0000000051222742,0.0000000422853006,1.0000000000000000,-0.0000000095460813,0.0000000000000000,0.0000000000000000,0.0000000000000000,1.0000000000000000
M 0.8889360427856445,-0.4580313563346863,0.0000000125706059,1.6052887439727783,0.4580313563346863,0.8889360427856445,-0.0000000388566299,2.0256636142730713,-0.0000000051222742,0.0000000422853006,1.0000000000000000,-0.0000000095460813,0.0000000000000000,0.0000000000000000,0.0000000000000000,1.0000000000000000
M 0.8786318302154541,-0.4774998426437378,0.0000000292540836,1.6731059551239014,0.4774998724460602,0.8786318302154541,-0.0000000346809266,2.1268484592437744,-0.0000000051222742,0.0000000422853006,1.0000000000000000,-0.0000000095460848,0.0000000000000000,0.0000000000000000,0.0000000000000000,1.0000000000000000
