O WIDGET_61_CG_THYRISTOR
A WIDGET_61_CG_THYRISTOR_WIDGET_61_CG_THYRISTOR
M 0.9999999403953552,0.0000000000000000,0.0000000000000000,-0.0000001168809831,0.0000000000000000,0.9999998807907104,-0.0000000437113847,0.0000000596046448,-0.0000000000000000,0.0000000437113847,0.9999999403953552,-0.0000001266598701,0.0000000000000000,0.0000000000000000,0.0000000000000000,1.0000000000000000
M 0.9997179508209229,0.0000000010379734,0.0237460620701313,0.0175211504101753,0.0000000000000000,0.9999998807907104,-0.0000000437113847,0.0000000596046448,-0.0237460620701313,0.0000000436990604,0.9997179508209229,-0.0946603268384933,0.0000000000000000,0.0000000000000000,0.0000000000000000,1.0000000000000000
M 0.9980478286743164,0.0000000027299878,0.0624548420310020,0.0412689596414566,0.0000000000000000,0.9999998807907104,-0.0000000437113847,0.0000000596046448,-0.0624548420310020,0.0000000436260557,0.9980478286743164,-0.2499175965785980,0.0000000000000000,0.0000000000000000,0.0000000000000000,1.0000000000000000
M 0.9933303594589233,0.0000000050400479,0.1153028532862663,0.0639984309673309,0.0000000000000000,0.9999998807907104,-0.0000000437113847,0.0000000596046448,-0.1153028532862663,0.0000000434198490,0.9933303594589233,-0.4637993574142456,0.0000000000000000,0.0000000000000000,0.0000000000000000,1.0000000000000000
M 0.9834365844726562,0.0000000079227869,0.1812522411346436,0.0764267742633820,0.0000000000000000,0.9999998807907104,-0.0000000437113847,0.0000000596046448,-0.1812522411346436,0.0000000429873772,0.9834365844726562,-0.7338497042655945,0.0000000000000000,0.0000000000000000,0.0000000000000000,1.0000000000000000
M 0.9658963680267334,0.0000000113181375,0.2589288055896759,0.0676522552967072,0.0000000000000000,0.9999998807907104,-0.0000000437113847,0.0000000596046448,-0.2589288055896759,0.0000000422206696,0.9658963680267334,-1.0565423965454102,0.0000000000000000,0.0000000000000000,0.0000000000000000,1.0000000000000000
M 0.9380496144294739,0.0000000151460302,0.3465007841587067,0.0256570875644684,0.0000000000000000,0.9999998807907104,-0.0000000437113847,0.0000000596046448,-0.3465007841587067,0.0000000410034495,0.9380496144294739,-1.4266812801361084,0.0000000000000000,0.0000000000000000,0.0000000000000000,1.0000000000000000
M 0.8972242474555969,0.0000000193018632,0.4415751695632935,-0.0620644092559814,0.0000000000000000,0.9999998807907104,-0.0000000437113847,0.0000000596046448,-0.4415751695632935,0.0000000392189179,0.8972242474555969,-1.8368467092514038,0.0000000000000000,0.0000000000000000,0.0000000000000000,1.0000000000000000
M 0.8409406542778015,0.0000000236534259,0.5411273241043091,-0.2077480256557465,0.0000000000000000,0.9999998807907104,-0.0000000437113847,0.0000000596046448,-0.5411273241043091,0.0000000367586850,0.8409406542778015,-2.2769565582275391,0.0000000000000000,0.0000000000000000,0.0000000000000000,1.0000000000000000
M 0.7671389579772949,0.0000000280400236,0.6414809823036194,-0.4224728345870972,0.0000000000000000,0.9999998807907104,-0.0000000437113847,0.0000000596046448,-0.6414809823036194,0.0000000335327073,0.7671389579772949,-2.7340073585510254,0.0000000000000000,0.0000000000000000,0.0000000000000000,1.0000000000000000
M 0.6744164228439331,0.0000000322743503,0.7383511066436768,-0.7151807546615601,0.0000000000000000,0.9999998807907104,-0.0000000437113847,0.0000000596046448,-0.7383511066436768,0.0000000294796774,0.6744164228439331,-3.1920590400695801,0.0000000000000000,0.0000000000000000,0.0000000000000000,1.0000000000000000
M 0.5622599720954895,0.0000000361475898,0.8269604444503784,-1.0916638374328613,0.0000000000000000,0.9999998807907104,-0.0000000437113847,0.0000000596046448,-0.8269604444503784,0.0000000245771634,0.5622599720954895,-3.6325144767761230,0.0000000000000000,0.0000000000000000,0.0000000000000000,1.0000000000000000
M 0.4312493205070496,0.0000000394378468,0.9022327661514282,-1.5536015033721924,0.0000000000000000,0.9999998807907104,-0.0000000437113847,0.0000000596046448,-0.9022327661514282,0.0000000188505069,0.4312493205070496,-4.0347304344177246,0.0000000000000000,0.0000000000000000,0.0000000000000000,1.0000000000000000
M 0.2832090556621552,0.0000000419217621,0.9590581059455872,-2.0977489948272705,0.0000000000000000,0.9999998807907104,-0.0000000437113847,0.0000000596046448,-0.9590581059455872,0.0000000123794610,0.2832090556621552,-4.3769521713256836,0.0000000000000000,0.0000000000000000,0.0000000000000000,1.0000000000000000
M 0.1212828904390335,0.0000000433887131,0.9926180243492126,-2.7153866291046143,0.0000000000000000,0.9999998807907104,-0.0000000437113847,0.0000000596046448,-0.9926180243492126,0.0000000053014437,0.1212828904390335,-4.6375479698181152,0.0000000000000000,0.0000000000000000,0.0000000000000000,1.0000000000000000
M -0.0500890612602234,0.0000000436565202,0.9987447857856750,-3.3921282291412354,0.0000000000000000,0.9999998807907104,-0.0000000437113847,0.0000000596046448,-0.9987447857856750,-0.0000000021894624,-0.0500890612602234,-4.7964572906494141,0.0000000000000000,0.0000000000000000,0.0000000000000000,1.0000000000000000
M -0.2253052741289139,0.0000000425874909,0.9742882251739502,-4.1081690788269043,0.0000000000000000,0.9999998807907104,-0.0000000437113847,0.0000000596046448,-0.9742882251739502,-0.0000000098484065,-0.2253052741289139,-4.8367543220520020,0.0000000000000000,0.0000000000000000,0.0000000000000000,1.0000000000000000
M -0.3978526592254639,0.0000000401029823,0.9174492955207825,-4.8390192985534668,0.0000000000000000,0.9999998807907104,-0.0000000437113847,0.0000000596046448,-0.9174492955207825,-0.0000000173906916,-0.3978526592254639,-4.7461695671081543,0.0000000000000000,0.0000000000000000,0.0000000000000000,1.0000000000000000
M -0.5606619119644165,0.0000000361949901,0.8280448317527771,-5.5567073822021484,0.0000000000000000,0.9999998807907104,-0.0000000437113847,0.0000000596046448,-0.8280448317527771,-0.0000000245073100,-0.5606619119644165,-4.5184259414672852,0.0000000000000000,0.0000000000000000,0.0000000000000000,1.0000000000000000
M -0.7065441608428955,0.0000000309331938,0.7076689600944519,-6.2313919067382812,0.0000000000000000,0.9999998807907104,-0.0000000437113847,0.0000000596046448,-0.7076689600944519,-0.0000000308840278,-0.7065441608428955,-4.1542186737060547,0.0000000000000000,0.0000000000000000,0.0000000000000000,1.0000000000000000
M -0.8286815881729126,0.0000000244661482,0.5597202181816101,-6.8332901000976562,0.0000000000000000,0.9999998807907104,-0.0000000437113847,0.0000000596046448,-0.5597202181816101,-0.0000000362228221,-0.8286815881729126,-3.6617112159729004,0.0000000000000000,0.0000000000000000,0.0000000000000000,1.0000000000000000
M -0.9211162924766541,0.0000000170162853,0.3892872333526611,-7.3347120285034180,0.0000000000000000,0.9999998807907104,-0.0000000437113847,0.0000000596046448,-0.3892872333526611,-0.0000000402632736,-0.9211162924766541,-3.0564639568328857,0.0000000000000000,0.0000000000000000,0.0000000000000000,1.0000000000000000
M -0.9792025089263916,0.0000000088683993,0.2028853297233582,-7.7120652198791504,0.0000000000000000,0.9999998807907104,-0.0000000437113847,0.0000000596046448,-0.2028853297233582,-0.0000000428023021,-0.9792025089263916,-2.3607409000396729,0.0000000000000000,0.0000000000000000,0.0000000000000000,1.0000000000000000
M -0.9999674558639526,0.0000000003526385,0.0080674281343818,-7.9475984573364258,0.0000000000000000,0.9999998807907104,-0.0000000437113847,0.0000000596046448,-0.0080674281343818,-0.0000000437099672,-0.9999674558639526,-1.6022466421127319,0.0000000000000000,0.0000000000000000,0.0000000000000000,1.0000000000000000
M -0.9823484420776367,-0.0000000081766487,-0.1870599091053009,-8.0307207107543945,0.0000000000000000,0.9999998807907104,-0.0000000437113847,0.0000000596046448,0.1870599091053009,-0.0000000429398135,-0.9823484420776367,-0.8123865723609924,0.0000000000000000,0.0000000000000000,0.0000000000000000,1.0000000000000000
M -0.9272773861885071,-0.0000000163644511,-0.3743749856948853,-7.9587612152099609,0.0000000000000000,0.9999998807907104,-0.0000000437113847,0.0000000596046448,0.3743749856948853,-0.0000000405325835,-0.9272773861885071,-0.0241928100585938,0.0000000000000000,0.0000000000000000,0.0000000000000000,1.0000000000000000
M -0.8376043438911438,-0.0000000238785383,-0.5462772846221924,-7.7370877265930176,0.0000000000000000,0.9999998807907104,-0.0000000437113847,0.0000000596046448,0.5462772846221924,-0.0000000366128496,-0.8376043438911438,0.7298699617385864,0.0000000000000000,0.0000000000000000,0.0000000000000000,1.0000000000000000
M -0.7178699374198914,-0.0000000304308720,-0.6961771845817566,-7.3785858154296875,0.0000000000000000,0.9999998807907104,-0.0000000437113847,0.0000000596046448,0.6961771845817566,-0.0000000313790913,-0.7178699374198914,1.4200289249420166,0.0000000000000000,0.0000000000000000,0.0000000000000000,1.0000000000000000
M -0.5739484429359436,-0.0000000357948799,-0.8188914060592651,-6.9025483131408691,0.0000000000000000,0.9999998807907104,-0.0000000437113847,0.0000000596046448,0.8188914060592651,-0.0000000250880827,-0.5739484429359436,2.0210590362548828,0.0000000000000000,0.0000000000000000,0.0000000000000000,1.0000000000000000
M -0.4126037061214447,-0.0000000398171629,-0.9109105467796326,-6.3331189155578613,0.0000000000000000,0.9999998807907104,-0.0000000437113847,0.0000000596046448,0.9109105467796326,-0.0000000180354807,-0.4126037061214447,2.5136928558349609,0.0000000000000000,0.0000000000000000,0.0000000000000000,1.0000000000000000
M -0.2409955263137817,-0.0000000424230500,-0.9705262184143066,-5.6974315643310547,0.0000000000000000,0.9999998807907104,-0.0000000437113847,0.0000000596046448,0.9705262184143066,-0.0000000105342490,-0.2409955263137817,2.8855149745941162,0.0000000000000000,0.0000000000000000,0.0000000000000000,1.0000000000000000
M -0.0661970973014832,-0.0000000436155076,-0.9978064894676208,-5.0236701965332031,0.0000000000000000,0.9999998807907104,-0.0000000437113847,0.0000000596046448,0.9978064894676208,-0.0000000028935669,-0.0661970973014832,3.1312425136566162,0.0000000000000000,0.0000000000000000,0.0000000000000000,1.0000000000000000
M 0.1052524745464325,-0.0000000434685923,-0.9944455027580261,-4.3391714096069336,0.0000000000000000,0.9999998807907104,-0.0000000437113847,0.0000000596046448,0.9944455027580261,0.0000000046007318,0.1052524745464325,3.2524797916412354,0.0000000000000000,0.0000000000000000,0.0000000000000000,1.0000000000000000
M 0.2676981985569000,-0.0000000421160458,-0.9635028243064880,-3.6688268184661865,0.0000000000000000,0.9999998807907104,-0.0000000437113847,0.0000000596046448,0.9635028243064880,0.0000000117014602,0.2676981985569000,3.2569549083709717,0.0000000000000000,0.0000000000000000,0.0000000000000000,1.0000000000000000
M 0.4166361689567566,-0.0000000397368538,-0.9090732336044312,-3.0337638854980469,0.0000000000000000,0.9999998807907104,-0.0000000437113847,0.0000000596046448,0.9090732336044312,0.0000000182117450,0.4166361689567566,3.1574168205261230,0.0000000000000000,0.0000000000000000,0.0000000000000000,1.0000000000000000
M 0.5488440990447998,-0.0000000365394293,-0.8359246850013733,-2.4505400657653809,0.0000000000000000,0.9999998807907104,-0.0000000437113847,0.0000000596046448,0.8359246850013733,0.0000000239907383,0.5488440990447998,2.9702985286712646,0.0000000000000000,0.0000000000000000,0.0000000000000000,1.0000000000000000
M 0.6624155640602112,-0.0000000327457990,-0.7491365671157837,-1.9307262897491455,0.0000000000000000,0.9999998807907104,-0.0000000437113847,0.0000000596046448,0.7491365671157837,0.0000000289551032,0.6624155640602112,2.7143037319183350,0.0000000000000000,0.0000000000000000,0.0000000000000000,1.0000000000000000
M 0.7566897869110107,-0.0000000285773734,-0.6537740826606750,-1.4809262752532959,0.0000000000000000,0.9999998807907104,-0.0000000437113847,0.0000000596046448,0.6537740826606750,0.0000000330759597,0.7566897869110107,2.4090583324432373,0.0000000000000000,0.0000000000000000,0.0000000000000000,1.0000000000000000
M 0.8321005702018738,-0.0000000242434144,-0.5546246767044067,-1.1031736135482788,0.0000000000000000,0.9999998807907104,-0.0000000437113847,0.0000000596046448,0.5546246767044067,0.0000000363722705,0.8321005702018738,2.0739426612854004,0.0000000000000000,0.0000000000000000,0.0000000000000000,1.0000000000000000
M 0.8899830579757690,-0.0000000199321057,-0.4559934139251709,-0.7955382466316223,0.0000000000000000,0.9999998807907104,-0.0000000437113847,0.0000000596046448,0.4559934139251709,0.0000000389023960,0.8899830579757690,1.7271263599395752,0.0000000000000000,0.0000000000000000,0.0000000000000000,1.0000000000000000
M 0.9323368668556213,-0.0000000158056306,-0.3615906834602356,-0.5529808402061462,0.0000000000000000,0.9999998807907104,-0.0000000437113847,0.0000000596046448,0.3615906834602356,0.0000000407537399,0.9323368668556213,1.3849353790283203,0.0000000000000000,0.0000000000000000,0.0000000000000000,1.0000000000000000
M 0.9615929126739502,-0.0000000119978774,-0.2744794487953186,-0.3682380914688110,0.0000000000000000,0.9999998807907104,-0.0000000437113847,0.0000000596046448,0.2744794487953186,0.0000000420325605,0.9615929126739502,1.0614600181579590,0.0000000000000000,0.0000000000000000,0.0000000000000000,1.0000000000000000
M 0.9803844690322876,-0.0000000086152854,-0.1970947533845901,-0.2327494919300079,0.0000000000000000,0.9999998807907104,-0.0000000437113847,0.0000000596046448,0.1970947533845901,0.0000000428539657,0.9803844690322876,0.7684517502784729,0.0000000000000000,0.0000000000000000,0.0000000000000000,1.0000000000000000
M 0.9913407564163208,-0.0000000057399285,-0.1313142627477646,-0.1375320553779602,0.0000000000000000,0.9999998807907104,-0.0000000437113847,0.0000000596046448,0.1313142627477646,0.0000000433328822,0.9913407564163208,0.5154424905776978,0.0000000000000000,0.0000000000000000,0.0000000000000000,1.0000000000000000
M 0.9969102144241333,-0.0000000034335392,-0.0785502195358276,-0.0739575028419495,0.0000000000000000,0.9999998807907104,-0.0000000437113847,0.0000000596046448,0.0785502195358276,0.0000000435763283,0.9969102144241333,0.3099707663059235,0.0000000000000000,0.0000000000000000,0.0000000000000000,1.0000000000000000
M 0.9992046356201172,-0.0000000017428980,-0.0398728586733341,-0.0344669371843338,0.0000000000000000,0.9999998807907104,-0.0000000437113847,0.0000000596046448,0.0398728586733341,0.0000000436766214,0.9992046356201172,0.1579511314630508,0.0000000000000000,0.0000000000000000,0.0000000000000000,1.0000000000000000
M 0.9998697638511658,-0.0000000007052542,-0.0161343365907669,-0.0131847672164440,0.0000000000000000,0.9999998807907104,-0.0000000437113847,0.0000000596046448,0.0161343365907669,0.0000000437056968,0.9998697638511658,0.0640644282102585,0.0000000000000000,0.0000000000000000,0.0000000000000000,1.0000000000000000
M 0.9999674558639526,-0.0000000003526346,-0.0080673405900598,-0.0064631463028491,0.0000000000000000,0.9999998807907104,-0.0000000437113847,0.0000000596046448,0.0080673405900598,0.0000000437099672,0.9999674558639526,0.0320584401488304,0.0000000000000000,0.0000000000000000,0.0000000000000000,1.0000000000000000
